{"Keyframes":[{"Time":0.02,"Poses":[{"Name":"Torso","CFrame":[-0.217,1.116,-0.646,-0.732,0.477,-0.487,-0.678,-0.594,0.435,-0.081,0.647,0.757]},{"Name":"Right Arm","CFrame":[-0.477,-0.28,-0.006,0.332,-0.899,-0.289,0.596,-0.037,0.801,-0.731,-0.439,0.523]},{"Name":"Right Leg","CFrame":[0.721,0.917,-0.123,0.646,-0.707,0.289,0.713,0.693,0.099,-0.271,0.142,0.952]},{"Name":"Left Leg","CFrame":[0.375,0.02,-0.002,0.41,-0.075,0.908,-0.074,0.99,0.114,-0.909,-0.114,0.401]},{"Name":"Head","CFrame":[-0.001,0,-0.001,0.569,-0.733,0.373,0.821,0.523,-0.226,-0.031,0.435,0.899]},{"Name":"Left Arm","CFrame":[-0.352,-0.206,0.075,0.467,0.196,0.861,-0.878,0.221,0.425,-0.108,-0.956,0.276]},{"Name":"CamPart","CFrame":[2.816,0.702,-3.318,-0.92,0.043,0.391,0.065,0.996,0.043,-0.389,0.065,-0.92]},{"Name":"FovPart","CFrame":[0,-16.466,0,1,0,0,0,1,0,0,0,1]}]},{"Time":0.1,"Poses":[{"Name":"Torso","CFrame":[-0.184,1.044,-0.651,-0.739,0.47,-0.483,-0.671,-0.591,0.45,-0.073,0.655,0.751]},{"Name":"Right Arm","CFrame":[-0.515,-0.306,-0.003,0.337,-0.884,-0.326,0.583,-0.075,0.808,-0.739,-0.464,0.49]},{"Name":"Right Leg","CFrame":[0.744,0.966,-0.128,0.631,-0.725,0.276,0.724,0.678,0.121,-0.276,0.122,0.953]},{"Name":"Left Leg","CFrame":[0.357,0.047,0.003,0.388,-0.042,0.92,-0.059,0.995,0.069,-0.92,-0.081,0.384]},{"Name":"Head","CFrame":[0,0,0,0.587,-0.72,0.371,0.808,0.541,-0.231,-0.036,0.435,0.899]},{"Name":"Left Arm","CFrame":[-0.354,-0.197,0.08,0.458,0.17,0.871,-0.883,0.196,0.426,-0.099,-0.966,0.241]},{"Name":"CamPart","CFrame":[2.814,0.706,-3.321,-0.92,0.044,0.391,0.066,0.996,0.043,-0.389,0.066,-0.92]},{"Name":"FovPart","CFrame":[0,-16.466,0,1,0,0,0,1,0,0,0,1]}]},{"Time":0.16,"Poses":[{"Name":"Torso","CFrame":[-0.156,0.984,-0.656,-0.747,0.462,-0.479,-0.663,-0.59,0.462,-0.069,0.662,0.746]},{"Name":"Right Arm","CFrame":[-0.544,-0.329,-0.003,0.34,-0.872,-0.354,0.575,-0.105,0.811,-0.744,-0.48,0.465]},{"Name":"Right Leg","CFrame":[0.763,1.005,-0.135,0.617,-0.741,0.265,0.734,0.663,0.14,-0.281,0.108,0.953]},{"Name":"Left Leg","CFrame":[0.336,0.072,-0.002,0.371,-0.019,0.928,-0.046,0.998,0.037,-0.928,-0.057,0.37]},{"Name":"Head","CFrame":[0,0,-0.001,0.602,-0.708,0.368,0.797,0.556,-0.235,-0.039,0.435,0.899]},{"Name":"Left Arm","CFrame":[-0.354,-0.187,0.085,0.452,0.152,0.878,-0.888,0.176,0.426,-0.09,-0.973,0.215]},{"Name":"CamPart","CFrame":[2.814,0.707,-3.322,-0.92,0.044,0.391,0.066,0.996,0.043,-0.389,0.066,-0.92]},{"Name":"FovPart","CFrame":[0,-16.466,0,1,0,0,0,1,0,0,0,1]}]},{"Time":0.24,"Poses":[{"Name":"Torso","CFrame":[-0.105,0.877,-0.665,-0.764,0.443,-0.471,-0.644,-0.592,0.486,-0.063,0.673,0.736]},{"Name":"Right Arm","CFrame":[-0.593,-0.376,-0.009,0.341,-0.849,-0.405,0.563,-0.159,0.81,-0.752,-0.506,0.423]},{"Name":"Right Leg","CFrame":[0.798,1.067,-0.158,0.587,-0.77,0.249,0.755,0.632,0.172,-0.291,0.087,0.952]},{"Name":"Left Leg","CFrame":[0.299,0.117,-0.017,0.337,0.021,0.941,-0.021,0.999,-0.015,-0.942,-0.015,0.338]},{"Name":"Head","CFrame":[0,-0.001,-0.001,0.627,-0.689,0.364,0.777,0.58,-0.242,-0.046,0.434,0.899]},{"Name":"Left Arm","CFrame":[-0.353,-0.167,0.096,0.44,0.123,0.889,-0.896,0.137,0.424,-0.071,-0.983,0.17]},{"Name":"CamPart","CFrame":[2.813,0.709,-3.322,-0.92,0.044,0.391,0.066,0.996,0.043,-0.389,0.066,-0.92]},{"Name":"FovPart","CFrame":[0,-16.466,0,1,0,0,0,1,0,0,0,1]}]},{"Time":0.3,"Poses":[{"Name":"Torso","CFrame":[-0.039,0.749,-0.675,-0.792,0.407,-0.456,-0.609,-0.603,0.516,-0.064,0.685,0.724]},{"Name":"Right Arm","CFrame":[-0.654,-0.447,-0.027,0.341,-0.813,-0.473,0.554,-0.232,0.799,-0.759,-0.535,0.371]},{"Name":"Right Leg","CFrame":[0.841,1.123,-0.206,0.539,-0.809,0.233,0.784,0.583,0.207,-0.305,0.071,0.949]},{"Name":"Left Leg","CFrame":[0.269,0.17,-0.035,0.283,0.07,0.956,0.014,0.996,-0.078,-0.959,0.035,0.281]},{"Name":"Head","CFrame":[0,-0.001,0,0.654,-0.666,0.358,0.754,0.606,-0.251,-0.051,0.434,0.899]},{"Name":"Left Arm","CFrame":[-0.352,-0.131,0.116,0.42,0.089,0.903,-0.907,0.078,0.413,-0.035,-0.993,0.114]},{"Name":"CamPart","CFrame":[2.813,0.709,-3.323,-0.919,0.043,0.391,0.065,0.996,0.043,-0.389,0.065,-0.919]},{"Name":"FovPart","CFrame":[0,-16.466,0,1,0,0,0,1,0,0,0,1]}]},{"Time":0.37,"Poses":[{"Name":"Torso","CFrame":[0,0.68,-0.681,-0.813,0.377,-0.444,-0.579,-0.616,0.535,-0.071,0.691,0.718]},{"Name":"Right Arm","CFrame":[-0.691,-0.499,-0.045,0.34,-0.786,-0.518,0.552,-0.279,0.785,-0.761,-0.554,0.338]},{"Name":"Right Leg","CFrame":[0.865,1.138,-0.25,0.503,-0.834,0.229,0.805,0.548,0.225,-0.314,0.071,0.946]},{"Name":"Left Leg","CFrame":[0.268,0.195,-0.043,0.24,0.1,0.965,0.039,0.992,-0.114,-0.97,0.065,0.235]},{"Name":"Head","CFrame":[0,0,-0.001,0.667,-0.655,0.355,0.743,0.618,-0.256,-0.053,0.434,0.899]},{"Name":"Left Arm","CFrame":[-0.351,-0.101,0.132,0.403,0.07,0.912,-0.916,0.034,0.401,-0.004,-0.997,0.078]},{"Name":"CamPart","CFrame":[2.813,0.71,-3.323,-0.919,0.043,0.392,0.065,0.996,0.042,-0.39,0.064,-0.919]},{"Name":"FovPart","CFrame":[0,-16.466,0,1,0,0,0,1,0,0,0,1]}]},{"Time":0.43,"Poses":[{"Name":"Torso","CFrame":[0.041,0.617,-0.685,-0.84,0.335,-0.428,-0.537,-0.635,0.555,-0.086,0.696,0.712]},{"Name":"Right Arm","CFrame":[-0.731,-0.565,-0.072,0.338,-0.749,-0.571,0.554,-0.332,0.763,-0.761,-0.575,0.302]},{"Name":"Right Leg","CFrame":[0.889,1.131,-0.309,0.457,-0.859,0.231,0.828,0.506,0.238,-0.322,0.082,0.943]},{"Name":"Left Leg","CFrame":[0.287,0.214,-0.05,0.183,0.135,0.973,0.07,0.986,-0.151,-0.981,0.096,0.171]},{"Name":"Head","CFrame":[0,-0.001,0,0.677,-0.647,0.352,0.734,0.627,-0.261,-0.053,0.434,0.899]},{"Name":"Left Arm","CFrame":[-0.349,-0.061,0.153,0.379,0.05,0.923,-0.925,-0.022,0.381,0.039,-0.999,0.038]},{"Name":"CamPart","CFrame":[2.813,0.711,-3.323,-0.919,0.042,0.392,0.063,0.997,0.04,-0.39,0.062,-0.919]},{"Name":"FovPart","CFrame":[0,-16.466,0,1,0,0,0,1,0,0,0,1]}]},{"Time":0.51,"Poses":[{"Name":"Torso","CFrame":[0.085,0.561,-0.684,-0.877,0.256,-0.407,-0.465,-0.671,0.578,-0.125,0.695,0.707]},{"Name":"Right Arm","CFrame":[-0.782,-0.668,-0.125,0.332,-0.686,-0.648,0.565,-0.406,0.718,-0.756,-0.605,0.253]},{"Name":"Right Leg","CFrame":[0.913,1.042,-0.377,0.381,-0.888,0.259,0.872,0.438,0.218,-0.308,0.143,0.94]},{"Name":"Left Leg","CFrame":[0.343,0.219,-0.056,0.083,0.176,0.98,0.112,0.976,-0.186,-0.991,0.125,0.061]},{"Name":"Head","CFrame":[0,0,-0.001,0.679,-0.644,0.35,0.731,0.625,-0.271,-0.046,0.44,0.896]},{"Name":"Left Arm","CFrame":[-0.347,0.009,0.19,0.336,0.026,0.941,-0.935,-0.116,0.337,0.117,-0.993,-0.015]},{"Name":"CamPart","CFrame":[1.568,1.492,-2.612,-0.991,0.063,0.118,0.064,0.997,0.001,-0.118,0.009,-0.993]},{"Name":"FovPart","CFrame":[0,-44.638,0,1,0,0,0,1,0,0,0,1]}]},{"Time":0.56,"Poses":[{"Name":"Torso","CFrame":[0.094,0.535,-0.663,-0.893,0.179,-0.415,-0.412,-0.702,0.582,-0.186,0.689,0.699]},{"Name":"Right Arm","CFrame":[-0.815,-0.746,-0.183,0.325,-0.631,-0.705,0.582,-0.453,0.675,-0.745,-0.63,0.219]},{"Name":"Right Leg","CFrame":[0.937,0.822,-0.312,0.311,-0.889,0.336,0.929,0.358,0.085,-0.197,0.286,0.937]},{"Name":"Left Leg","CFrame":[0.37,0.223,-0.054,-0.003,0.189,0.981,0.118,0.975,-0.188,-0.993,0.115,-0.025]},{"Name":"Head","CFrame":[0,0,0,0.667,-0.652,0.359,0.743,0.598,-0.298,-0.022,0.466,0.884]},{"Name":"Left Arm","CFrame":[-0.349,0.067,0.22,0.294,0.02,0.955,-0.937,-0.196,0.292,0.192,-0.981,-0.039]},{"Name":"CamPart","CFrame":[0.324,2.262,-1.902,-0.983,0.083,-0.164,0.088,0.995,-0.024,0.16,-0.038,-0.987]},{"Name":"FovPart","CFrame":[0,-72.169,0,1,0,0,0,1,0,0,0,1]}]},{"Time":0.62,"Poses":[{"Name":"Torso","CFrame":[0.086,0.507,-0.626,-0.893,0.102,-0.44,-0.367,-0.732,0.574,-0.263,0.674,0.69]},{"Name":"Right Arm","CFrame":[-0.846,-0.814,-0.243,0.317,-0.563,-0.764,0.615,-0.49,0.617,-0.721,-0.667,0.19]},{"Name":"Right Leg","CFrame":[0.988,0.504,-0.196,0.265,-0.854,0.448,0.964,0.236,-0.12,-0.005,0.463,0.885]},{"Name":"Left Leg","CFrame":[0.387,0.234,-0.04,-0.089,0.194,0.976,0.11,0.976,-0.185,-0.99,0.091,-0.109]},{"Name":"Head","CFrame":[0,0,-0.001,0.633,-0.674,0.379,0.773,0.539,-0.333,0.018,0.504,0.863]},{"Name":"Left Arm","CFrame":[-0.356,0.123,0.246,0.256,0.042,0.965,-0.924,-0.285,0.257,0.285,-0.958,-0.034]},{"Name":"CamPart","CFrame":[0.329,2.227,-1.902,-0.982,0.106,-0.159,0.11,0.993,-0.019,0.155,-0.037,-0.988]},{"Name":"FovPart","CFrame":[0,-69.261,0,1,0,0,0,1,0,0,0,1]}]},{"Time":0.68,"Poses":[{"Name":"Torso","CFrame":[0.078,0.467,-0.598,-0.888,0.064,-0.457,-0.344,-0.753,0.562,-0.307,0.655,0.689]},{"Name":"Right Arm","CFrame":[-0.87,-0.848,-0.268,0.309,-0.495,-0.813,0.662,-0.501,0.557,-0.682,-0.711,0.173]},{"Name":"Right Leg","CFrame":[1.014,0.3,-0.145,0.254,-0.824,0.507,0.959,0.15,-0.238,0.118,0.547,0.828]},{"Name":"Left Leg","CFrame":[0.387,0.255,-0.019,-0.136,0.194,0.971,0.113,0.977,-0.181,-0.985,0.085,-0.155]},{"Name":"Head","CFrame":[0,0,-0.001,0.578,-0.71,0.401,0.813,0.469,-0.344,0.055,0.525,0.849]},{"Name":"Left Arm","CFrame":[-0.371,0.16,0.255,0.245,0.097,0.964,-0.896,-0.359,0.263,0.371,-0.929,-0.001]},{"Name":"CamPart","CFrame":[0.342,2.181,-1.902,-0.981,0.124,-0.155,0.128,0.991,-0.016,0.151,-0.036,-0.988]},{"Name":"FovPart","CFrame":[0,-65.4,0,1,0,0,0,1,0,0,0,1]}]},{"Time":0.74,"Poses":[{"Name":"Torso","CFrame":[0.035,0.368,-0.569,-0.89,0.075,-0.451,-0.337,-0.775,0.535,-0.309,0.627,0.714]},{"Name":"Right Arm","CFrame":[-0.87,-0.832,-0.237,0.308,-0.381,-0.872,0.756,-0.458,0.467,-0.577,-0.804,0.146]},{"Name":"Right Leg","CFrame":[0.965,0.216,-0.12,0.253,-0.838,0.483,0.957,0.144,-0.252,0.14,0.526,0.838]},{"Name":"Left Leg","CFrame":[0.378,0.26,-0.013,-0.142,0.198,0.969,0.167,0.97,-0.174,-0.976,0.137,-0.171]},{"Name":"Head","CFrame":[-0.001,-0.001,0,0.449,-0.781,0.434,0.887,0.335,-0.316,0.1,0.527,0.843]},{"Name":"Left Arm","CFrame":[-0.432,0.181,0.235,0.268,0.336,0.902,-0.812,-0.426,0.4,0.518,-0.841,0.158]},{"Name":"CamPart","CFrame":[0.379,2.109,-1.902,-0.978,0.147,-0.15,0.151,0.988,-0.012,0.145,-0.034,-0.989]},{"Name":"FovPart","CFrame":[0,-59.164,0,1,0,0,0,1,0,0,0,1]}]},{"Time":0.8,"Poses":[{"Name":"Torso","CFrame":[-0.054,0.277,-0.546,-0.893,0.118,-0.436,-0.351,-0.789,0.504,-0.284,0.603,0.745]},{"Name":"Right Arm","CFrame":[-0.833,-0.768,-0.187,0.321,-0.299,-0.899,0.825,-0.377,0.42,-0.464,-0.878,0.125]},{"Name":"Right Leg","CFrame":[0.892,0.197,-0.066,0.271,-0.872,0.408,0.955,0.194,-0.22,0.112,0.449,0.886]},{"Name":"Left Leg","CFrame":[0.383,0.218,-0.05,-0.114,0.194,0.974,0.227,0.959,-0.165,-0.968,0.203,-0.154]},{"Name":"Head","CFrame":[0,-0.001,0,0.341,-0.822,0.456,0.93,0.228,-0.285,0.129,0.522,0.842]},{"Name":"Left Arm","CFrame":[-0.509,0.17,0.183,0.253,0.635,0.729,-0.714,-0.387,0.584,0.653,-0.669,0.355]},{"Name":"CamPart","CFrame":[0.423,2.072,-1.903,-0.976,0.161,-0.146,0.164,0.986,-0.009,0.142,-0.033,-0.99]},{"Name":"FovPart","CFrame":[0,-55.222,0,1,0,0,0,1,0,0,0,1]}]},{"Time":0.89,"Poses":[{"Name":"Torso","CFrame":[-0.237,0.125,-0.506,-0.865,0.274,-0.422,-0.452,-0.793,0.409,-0.222,0.544,0.809]},{"Name":"Right Arm","CFrame":[-0.755,-0.578,-0.101,0.324,-0.22,-0.921,0.914,-0.177,0.364,-0.243,-0.96,0.143]},{"Name":"Right Leg","CFrame":[0.702,0.172,0.025,0.352,-0.915,0.2,0.933,0.326,-0.151,0.072,0.24,0.968]},{"Name":"Left Leg","CFrame":[0.39,0.164,-0.104,-0.014,0.122,0.992,0.282,0.952,-0.114,-0.96,0.278,-0.048]},{"Name":"Head","CFrame":[0,0,0,0.202,-0.854,0.48,0.965,0.092,-0.243,0.162,0.513,0.842]},{"Name":"Left Arm","CFrame":[-0.597,0.098,0.02,0.084,0.969,0.229,-0.567,-0.143,0.811,0.819,-0.199,0.537]},{"Name":"CamPart","CFrame":[0.525,2.063,-1.917,-0.974,0.18,-0.142,0.183,0.983,-0.006,0.137,-0.032,-0.99]},{"Name":"FovPart","CFrame":[0,-50.381,0,1,0,0,0,1,0,0,0,1]}]},{"Time":0.97,"Poses":[{"Name":"Torso","CFrame":[-0.436,0.008,-0.487,-0.629,0.621,-0.468,-0.75,-0.645,0.15,-0.208,0.445,0.87]},{"Name":"Right Arm","CFrame":[-0.706,-0.217,-0.047,0.244,-0.364,-0.899,0.965,0.174,0.192,0.087,-0.916,0.393]},{"Name":"Right Leg","CFrame":[0.362,0.127,-0.002,0.539,-0.826,-0.165,0.817,0.56,-0.136,0.203,-0.062,0.977]},{"Name":"Left Leg","CFrame":[0.354,0.277,0.004,0.271,-0.067,0.96,0.128,0.991,0.032,-0.954,0.114,0.278]},{"Name":"Head","CFrame":[-0.001,0,0,0.187,-0.868,0.461,0.965,0.077,-0.247,0.178,0.491,0.852]},{"Name":"Left Arm","CFrame":[-0.605,0.013,-0.212,-0.13,0.983,-0.126,-0.534,0.037,0.845,0.835,0.176,0.519]},{"Name":"CamPart","CFrame":[0.671,2.191,-2.068,-0.971,0.199,-0.137,0.201,0.979,-0.003,0.133,-0.03,-0.991]},{"Name":"FovPart","CFrame":[0,-46.602,0,1,0,0,0,1,0,0,0,1]}]},{"Time":1.03,"Poses":[{"Name":"Torso","CFrame":[-0.521,0.035,-0.599,-0.156,0.825,-0.544,-0.937,-0.299,-0.186,-0.315,0.479,0.818]},{"Name":"Right Arm","CFrame":[-0.702,-0.006,-0.092,0.134,-0.695,-0.707,0.888,0.399,-0.224,0.437,-0.599,0.671]},{"Name":"Right Leg","CFrame":[0.082,0.13,-0.101,0.605,-0.658,-0.449,0.595,0.748,-0.293,0.527,-0.091,0.844]},{"Name":"Left Leg","CFrame":[0.249,0.613,0.232,0.632,0.006,0.774,-0.202,0.966,0.156,-0.749,-0.256,0.612]},{"Name":"Head","CFrame":[-0.001,-0.001,-0.001,0.332,-0.883,0.333,0.92,0.225,-0.321,0.207,0.413,0.886]},{"Name":"Left Arm","CFrame":[-0.318,-0.142,-0.429,-0.145,0.981,0.124,-0.521,-0.183,0.834,0.841,0.055,0.536]},{"Name":"CamPart","CFrame":[0.734,2.333,-2.211,-0.969,0.209,-0.135,0.211,0.977,-0.001,0.131,-0.029,-0.991]},{"Name":"FovPart","CFrame":[0,-44.893,0,1,0,0,0,1,0,0,0,1]}]},{"Time":1.09,"Poses":[{"Name":"Torso","CFrame":[-0.472,-0.018,-0.684,0.236,0.861,-0.451,-0.916,0.041,-0.401,-0.326,0.506,0.798]},{"Name":"Right Arm","CFrame":[-0.685,0.046,-0.116,0.118,-0.842,-0.528,0.779,0.407,-0.476,0.615,-0.355,0.703]},{"Name":"Right Leg","CFrame":[-0.067,0.177,-0.093,0.613,-0.467,-0.638,0.362,0.883,-0.298,0.701,-0.05,0.71]},{"Name":"Left Leg","CFrame":[0.025,0.871,0.269,0.835,0.132,0.532,-0.327,0.899,0.288,-0.442,-0.416,0.795]},{"Name":"Head","CFrame":[-0.001,-0.001,0,0.477,-0.86,0.179,0.845,0.394,-0.359,0.237,0.323,0.916]},{"Name":"Left Arm","CFrame":[0.13,-0.223,-0.533,-0.075,0.941,0.328,-0.506,-0.32,0.801,0.859,-0.107,0.499]},{"Name":"CamPart","CFrame":[0.735,2.456,-2.308,-0.968,0.216,-0.133,0.218,0.975,0,0.129,-0.029,-0.992]},{"Name":"FovPart","CFrame":[0,-43.82,0,1,0,0,0,1,0,0,0,1]}]},{"Time":1.14,"Poses":[{"Name":"Torso","CFrame":[-0.394,-0.079,-0.732,0.476,0.817,-0.324,-0.819,0.278,-0.503,-0.321,0.504,0.801]},{"Name":"Right Arm","CFrame":[-0.65,0.032,-0.103,0.122,-0.902,-0.415,0.702,0.373,-0.606,0.7,-0.217,0.679]},{"Name":"Right Leg","CFrame":[-0.115,0.193,-0.068,0.626,-0.285,-0.726,0.183,0.958,-0.218,0.757,0.002,0.653]},{"Name":"Left Leg","CFrame":[-0.14,1.022,0.209,0.903,0.218,0.369,-0.36,0.854,0.374,-0.234,-0.472,0.85]},{"Name":"Head","CFrame":[-0.001,-0.001,0,0.594,-0.803,0.039,0.761,0.547,-0.346,0.256,0.236,0.937]},{"Name":"Left Arm","CFrame":[0.437,-0.23,-0.546,0.044,0.931,0.362,-0.507,-0.292,0.811,0.86,-0.22,0.458]},{"Name":"CamPart","CFrame":[0.682,2.558,-2.367,-0.967,0.222,-0.131,0.224,0.974,0.001,0.128,-0.028,-0.992]},{"Name":"FovPart","CFrame":[0,-43.028,0,1,0,0,0,1,0,0,0,1]}]},{"Time":1.2,"Poses":[{"Name":"Torso","CFrame":[-0.291,-0.126,-0.778,0.662,0.728,-0.175,-0.667,0.466,-0.582,-0.342,0.501,0.794]},{"Name":"Right Arm","CFrame":[-0.579,-0.019,-0.051,0.137,-0.951,-0.28,0.612,0.303,-0.73,0.778,-0.072,0.623]},{"Name":"Right Leg","CFrame":[-0.067,0.164,-0.044,0.682,-0.089,-0.726,0.004,0.993,-0.118,0.73,0.076,0.678]},{"Name":"Left Leg","CFrame":[-0.239,1.183,0.106,0.903,0.31,0.295,-0.418,0.793,0.442,-0.098,-0.524,0.846]},{"Name":"Head","CFrame":[-0.001,-0.001,0,0.728,-0.674,-0.125,0.632,0.73,-0.257,0.263,0.108,0.958]},{"Name":"Left Arm","CFrame":[0.688,-0.264,-0.536,0.265,0.911,0.313,-0.487,-0.155,0.859,0.832,-0.382,0.402]},{"Name":"CamPart","CFrame":[0.564,2.668,-2.406,-0.965,0.229,-0.13,0.231,0.972,0.003,0.126,-0.027,-0.992]},{"Name":"FovPart","CFrame":[0,-42.155,0,1,0,0,0,1,0,0,0,1]}]},{"Time":1.27,"Poses":[{"Name":"Torso","CFrame":[-0.205,-0.148,-0.804,0.727,0.682,-0.077,-0.572,0.539,-0.619,-0.381,0.493,0.782]},{"Name":"Right Arm","CFrame":[-0.502,-0.087,0.021,0.148,-0.971,-0.188,0.556,0.238,-0.796,0.817,0.014,0.575]},{"Name":"Right Leg","CFrame":[0.002,0.111,-0.008,0.755,-0.008,-0.656,-0.072,0.993,-0.094,0.651,0.117,0.749]},{"Name":"Left Leg","CFrame":[-0.237,1.286,0.032,0.875,0.358,0.323,-0.478,0.743,0.467,-0.074,-0.565,0.822]},{"Name":"Head","CFrame":[-0.001,-0.001,0,0.813,-0.543,-0.211,0.525,0.84,-0.136,0.25,-0.001,0.968]},{"Name":"Left Arm","CFrame":[0.782,-0.297,-0.519,0.427,0.873,0.234,-0.444,-0.024,0.895,0.787,-0.488,0.377]},{"Name":"CamPart","CFrame":[0.494,2.71,-2.414,-0.964,0.234,-0.128,0.236,0.971,0.003,0.125,-0.027,-0.992]},{"Name":"FovPart","CFrame":[0,-41.569,0,1,0,0,0,1,0,0,0,1]}]},{"Time":1.33,"Poses":[{"Name":"Torso","CFrame":[-0.126,-0.158,-0.821,0.743,0.668,-0.008,-0.521,0.571,-0.635,-0.42,0.475,0.773]},{"Name":"Right Arm","CFrame":[-0.431,-0.155,0.094,0.153,-0.981,-0.127,0.526,0.189,-0.83,0.836,0.06,0.544]},{"Name":"Right Leg","CFrame":[-0.024,0.049,0.008,0.785,0.012,-0.62,-0.114,0.985,-0.124,0.608,0.167,0.775]},{"Name":"Left Leg","CFrame":[-0.217,1.353,-0.005,0.854,0.378,0.355,-0.514,0.713,0.475,-0.074,-0.59,0.804]},{"Name":"Head","CFrame":[0,-0.001,0,0.863,-0.451,-0.227,0.456,0.889,-0.029,0.214,-0.079,0.973]},{"Name":"Left Arm","CFrame":[0.797,-0.307,-0.513,0.47,0.857,0.206,-0.429,0.017,0.903,0.771,-0.514,0.375]},{"Name":"CamPart","CFrame":[0.48,2.711,-2.407,-0.963,0.238,-0.127,0.239,0.97,0.004,0.124,-0.027,-0.992]},{"Name":"FovPart","CFrame":[0,-41.17,0,1,0,0,0,1,0,0,0,1]}]},{"Time":1.41,"Poses":[{"Name":"Torso","CFrame":[-0.015,-0.166,-0.84,0.748,0.659,0.069,-0.472,0.603,-0.644,-0.467,0.448,0.762]},{"Name":"Right Arm","CFrame":[-0.342,-0.244,0.196,0.152,-0.987,-0.064,0.504,0.132,-0.854,0.85,0.098,0.517]},{"Name":"Right Leg","CFrame":[-0.042,-0.023,0.035,0.826,0.036,-0.562,-0.154,0.974,-0.163,0.54,0.22,0.811]},{"Name":"Left Leg","CFrame":[-0.205,1.427,-0.035,0.84,0.394,0.372,-0.539,0.692,0.479,-0.069,-0.604,0.794]},{"Name":"Head","CFrame":[-0.001,-0.001,0,0.909,-0.371,-0.191,0.393,0.914,0.097,0.138,-0.164,0.976]},{"Name":"Left Arm","CFrame":[0.796,-0.317,-0.511,0.468,0.859,0.205,-0.436,0.021,0.899,0.768,-0.511,0.384]},{"Name":"CamPart","CFrame":[0.467,2.71,-2.377,-0.963,0.242,-0.126,0.243,0.969,0.005,0.123,-0.026,-0.993]},{"Name":"FovPart","CFrame":[0,-40.715,0,1,0,0,0,1,0,0,0,1]}]},{"Time":1.47,"Poses":[{"Name":"Torso","CFrame":[0.103,-0.17,-0.86,0.742,0.657,0.131,-0.441,0.626,-0.644,-0.506,0.419,0.754]},{"Name":"Right Arm","CFrame":[-0.264,-0.322,0.306,0.145,-0.99,-0.01,0.496,0.08,-0.865,0.855,0.12,0.502]},{"Name":"Right Leg","CFrame":[-0.038,-0.084,0.077,0.877,0.053,-0.477,-0.169,0.965,-0.201,0.448,0.256,0.856]},{"Name":"Left Leg","CFrame":[-0.207,1.49,-0.044,0.836,0.405,0.367,-0.544,0.691,0.475,-0.062,-0.598,0.799]},{"Name":"Head","CFrame":[0,-0.001,0,0.935,-0.335,-0.117,0.351,0.912,0.209,0.036,-0.237,0.97]},{"Name":"Left Arm","CFrame":[0.791,-0.341,-0.505,0.455,0.865,0.206,-0.453,0.025,0.891,0.766,-0.5,0.403]},{"Name":"CamPart","CFrame":[0.458,2.707,-2.324,-0.962,0.245,-0.126,0.246,0.969,0.005,0.122,-0.026,-0.993]},{"Name":"FovPart","CFrame":[0,-40.2,0,1,0,0,0,1,0,0,0,1]}]},{"Time":1.53,"Poses":[{"Name":"Torso","CFrame":[0.168,-0.171,-0.873,0.738,0.656,0.152,-0.432,0.634,-0.642,-0.518,0.407,0.752]},{"Name":"Right Arm","CFrame":[-0.239,-0.344,0.365,0.14,-0.99,0.022,0.495,0.05,-0.867,0.856,0.132,0.498]},{"Name":"Right Leg","CFrame":[-0.032,-0.105,0.109,0.908,0.054,-0.414,-0.157,0.963,-0.219,0.386,0.263,0.883]},{"Name":"Left Leg","CFrame":[-0.212,1.517,-0.04,0.836,0.413,0.358,-0.545,0.699,0.463,-0.059,-0.584,0.81]},{"Name":"Head","CFrame":[-0.001,-0.001,0,0.941,-0.329,-0.079,0.337,0.903,0.263,-0.017,-0.275,0.961]},{"Name":"Left Arm","CFrame":[0.787,-0.364,-0.5,0.442,0.872,0.207,-0.468,0.026,0.883,0.765,-0.489,0.419]},{"Name":"CamPart","CFrame":[0.453,2.704,-2.282,-0.962,0.246,-0.125,0.247,0.968,0.005,0.122,-0.026,-0.993]},{"Name":"FovPart","CFrame":[0,-39.799,0,1,0,0,0,1,0,0,0,1]}]},{"Time":1.58,"Poses":[{"Name":"Torso","CFrame":[0.207,-0.172,-0.886,0.737,0.655,0.159,-0.429,0.638,-0.64,-0.522,0.403,0.751]},{"Name":"Right Arm","CFrame":[-0.234,-0.345,0.401,0.139,-0.99,0.045,0.495,0.029,-0.869,0.857,0.144,0.493]}]}]}
