{"Keyframes":[{"Time":0.1,"Poses":[{"Name":"Torso","CFrame":[0,0,0,1,-0,0,0,0.998,0.049,-0,-0.05,0.998]},{"Name":"Blue","CFrame":[0,0,0,1,0,0,0,1,0,0,0,1]},{"Name":"Blue","CFrame":[0,0,0,1,0,0,0,1,0,0,0,1]},{"Name":"Right Arm","CFrame":[0,0,0,1,-0,0,0,0.992,0.121,-0,-0.122,0.992]},{"Name":"Right Leg","CFrame":[0,0,0,0.997,0.07,0,-0.071,0.997,-0,-0,0,1]},{"Name":"Left Leg","CFrame":[0.034,0.002,0,0.997,-0.071,0,0.07,0.997,0,0,0,1]},{"Name":"Head","CFrame":[0,0,0,1,0,0,0,1,0,0,0,1]},{"Name":"Left Arm","CFrame":[0,0,0,1,-0,0,0,0.992,0.12,-0,-0.121,0.992]}]},{"Time":0.15,"Poses":[{"Name":"Torso","CFrame":[0,0,0,1,-0,0,0,0.998,0.05,-0,-0.051,0.998]},{"Name":"Blue","CFrame":[0,0,0,1,0,0,0,1,0,0,0,1]},{"Name":"Blue","CFrame":[0,0,0,1,0,0,0,1,0,0,0,1]},{"Name":"Right Arm","CFrame":[0,0,0,1,-0,0,0,0.992,0.123,-0,-0.124,0.992]},{"Name":"Right Leg","CFrame":[0,0,0,0.997,0.071,0,-0.072,0.997,-0,-0,0,1]},{"Name":"Left Leg","CFrame":[0.035,0.002,0,0.997,-0.072,0,0.071,0.997,0,0,0,1]},{"Name":"Head","CFrame":[0,0,0,1,0,0,0,1,0,0,0,1]},{"Name":"Left Arm","CFrame":[0,0,0,1,-0,0,0,0.992,0.122,-0,-0.123,0.992]}]},{"Time":0.2,"Poses":[{"Name":"Torso","CFrame":[0,0,0,1,-0,0,0,0.998,0.051,-0,-0.052,0.998]},{"Name":"Blue","CFrame":[0,0,0,1,0,0,0,1,0,0,0,1]},{"Name":"Blue","CFrame":[0,0,0,1,0,0,0,1,0,0,0,1]},{"Name":"Right Arm","CFrame":[0,0,0,1,-0,0,0,0.992,0.124,-0,-0.125,0.992]},{"Name":"Right Leg","CFrame":[0,0,0,0.997,0.072,0,-0.073,0.997,-0,-0,0,1]},{"Name":"Left Leg","CFrame":[0.035,0.002,0,0.997,-0.073,0,0.072,0.997,0,0,0,1]},{"Name":"Head","CFrame":[0,0,0,1,0,0,0,1,0,0,0,1]},{"Name":"Left Arm","CFrame":[0,0,0,1,-0,0,0,0.992,0.123,-0,-0.124,0.992]}]},{"Time":0.27,"Poses":[{"Name":"Torso","CFrame":[0,0,0,1,-0,0,0,0.998,0.052,-0,-0.053,0.998]},{"Name":"Blue","CFrame":[0,0,0,1,0,0,0,1,0,0,0,1]},{"Name":"Blue","CFrame":[0,0,0,1,0,0,0,1,0,0,0,1]},{"Name":"Right Arm","CFrame":[0,0,0,1,-0,0,0,0.992,0.125,-0,-0.126,0.992]},{"Name":"Right Leg","CFrame":[0,0,0,0.997,0.073,0,-0.074,0.997,-0,-0,0,1]},{"Name":"Left Leg","CFrame":[0.036,0.002,0,0.997,-0.074,0,0.073,0.997,0,0,0,1]},{"Name":"Head","CFrame":[0,0,0,1,0,0,0,1,0,0,0,1]},{"Name":"Left Arm","CFrame":[0,0,0,1,-0,0,0,0.992,0.124,-0,-0.125,0.992]}]},{"Time":0.34,"Poses":[{"Name":"Torso","CFrame":[0,0,0,1,-0,0,0,0.998,0.052,-0,-0.053,0.998]},{"Name":"Blue","CFrame":[0,0,0,1,0,0,0,1,0,0,0,1]},{"Name":"Blue","CFrame":[0,0,0,1,0,0,0,1,0,0,0,1]},{"Name":"Right Arm","CFrame":[0,0,0,1,-0,0,0,0.992,0.126,-0,-0.127,0.992]},{"Name":"Right Leg","CFrame":[0,0,0,0.997,0.074,0,-0.075,0.997,-0,-0,0,1]},{"Name":"Left Leg","CFrame":[0.036,0.002,0,0.997,-0.075,0,0.074,0.997,0,0,0,1]},{"Name":"Head","CFrame":[0,0,0,1,0,0,0,1,0,0,0,1]},{"Name":"Left Arm","CFrame":[0,0,0,1,-0,0,0,0.992,0.125,-0,-0.126,0.992]}]},{"Time":0.41,"Poses":[{"Name":"Torso","CFrame":[0,0,0,1,-0,0,0,0.998,0.053,-0,-0.054,0.998]},{"Name":"Blue","CFrame":[0,0,0,1,0,0,0,1,0,0,0,1]},{"Name":"Blue","CFrame":[0,0,0,1,0,0,0,1,0,0,0,1]},{"Name":"Right Arm","CFrame":[0,0,0,1,-0,0,0,0.991,0.126,-0,-0.127,0.991]},{"Name":"Right Leg","CFrame":[-0.001,-0.001,0,0.997,0.075,0,-0.076,0.997,-0,-0,0,1]},{"Name":"Left Leg","CFrame":[0.037,0.002,0,0.997,-0.076,0,0.075,0.997,0,0,0,1]},{"Name":"Head","CFrame":[0,0,0,1,0,0,0,1,0,0,0,1]},{"Name":"Left Arm","CFrame":[0,0,0,1,-0,0,0,0.991,0.126,-0,-0.127,0.991]}]},{"Time":0.47,"Poses":[{"Name":"Torso","CFrame":[0,0,0,1,-0,0,0,0.998,0.053,-0,-0.054,0.998]},{"Name":"Blue","CFrame":[0,0,0,1,0,0,0,1,0,0,0,1]},{"Name":"Blue","CFrame":[0,0,0,1,0,0,0,1,0,0,0,1]},{"Name":"Right Arm","CFrame":[0,0,0,1,-0,0,0,0.991,0.127,-0,-0.128,0.991]},{"Name":"Right Leg","CFrame":[0,0,0,0.997,0.076,0,-0.077,0.997,-0,-0,0,1]},{"Name":"Left Leg","CFrame":[0.037,0.002,0,0.997,-0.077,0,0.076,0.997,0,0,0,1]},{"Name":"Head","CFrame":[0,0,0,1,0,0,0,1,0,0,0,1]},{"Name":"Left Arm","CFrame":[0,0,0,1,-0,0,0,0.991,0.127,-0,-0.128,0.991]}]},{"Time":0.55,"Poses":[{"Name":"Torso","CFrame":[0,0,0,1,-0,0,0,0.998,0.054,-0,-0.055,0.998]},{"Name":"Blue","CFrame":[0,0,0,1,0,0,0,1,0,0,0,1]},{"Name":"Blue","CFrame":[0,0,0,1,0,0,0,1,0,0,0,1]},{"Name":"Right Arm","CFrame":[0,0,0,1,-0,0,0,0.991,0.128,-0,-0.129,0.991]},{"Name":"Right Leg","CFrame":[0,0,0,0.997,0.076,0,-0.077,0.997,-0,-0,0,1]},{"Name":"Left Leg","CFrame":[0.037,0.002,0,0.997,-0.077,0,0.076,0.997,0,0,0,1]},{"Name":"Head","CFrame":[0,0,0,1,0,0,0,1,0,0,0,1]},{"Name":"Left Arm","CFrame":[0,0,0,1,-0,0,0,0.991,0.128,-0,-0.129,0.991]}]},{"Time":0.6,"Poses":[{"Name":"Torso","CFrame":[0,0,0,1,-0,0,0,0.998,0.054,-0,-0.055,0.998]},{"Name":"Blue","CFrame":[0,0,0,1,0,0,0,1,0,0,0,1]},{"Name":"Blue","CFrame":[0,0,0,1,0,0,0,1,0,0,0,1]},{"Name":"Right Arm","CFrame":[0,0,0,1,-0,0,0,0.991,0.128,-0,-0.129,0.991]},{"Name":"Right Leg","CFrame":[0,0,0,0.997,0.077,0,-0.078,0.997,-0,-0,0,1]},{"Name":"Left Leg","CFrame":[0.038,0.003,0,0.997,-0.078,0,0.077,0.997,0,0,0,1]},{"Name":"Head","CFrame":[0,0,0,1,0,0,0,1,0,0,0,1]},{"Name":"Left Arm","CFrame":[0,0,0,1,-0,0,0,0.991,0.128,-0,-0.129,0.991]}]},{"Time":0.65,"Poses":[{"Name":"Torso","CFrame":[0,0,0,1,-0,0,0,0.998,0.055,-0,-0.056,0.998]},{"Name":"Blue","CFrame":[0,0,0,1,0,0,0,1,0,0,0,1]},{"Name":"Blue","CFrame":[0,0,0,1,0,0,0,1,0,0,0,1]},{"Name":"Right Arm","CFrame":[0,0,0,1,-0,0,0,0.991,0.129,-0,-0.13,0.991]},{"Name":"Right Leg","CFrame":[0,0,0,0.996,0.077,0,-0.078,0.996,-0,-0,0,1]},{"Name":"Left Leg","CFrame":[0.038,0.003,0,0.996,-0.078,0,0.077,0.996,0,0,0,1]},{"Name":"Head","CFrame":[0,0,0,1,0,0,0,1,0,0,0,1]},{"Name":"Left Arm","CFrame":[0,0,0,1,-0,0,0,0.991,0.129,-0,-0.13,0.991]}]},{"Time":0.72,"Poses":[{"Name":"Torso","CFrame":[0,0,0,1,-0,0,0,0.998,0.055,-0,-0.056,0.998]},{"Name":"Blue","CFrame":[0,0,0,1,0,0,0,1,0,0,0,1]},{"Name":"Blue","CFrame":[0,0,0,1,0,0,0,1,0,0,0,1]},{"Name":"Right Arm","CFrame":[0,0,0,1,-0,0,0,0.991,0.129,-0,-0.13,0.991]},{"Name":"Right Leg","CFrame":[-0.001,-0.001,0,0.996,0.078,0,-0.079,0.996,-0,-0,0,1]},{"Name":"Left Leg","CFrame":[0.038,0.003,0,0.996,-0.079,0,0.078,0.996,0,0,0,1]},{"Name":"Head","CFrame":[0,0,0,1,0,0,0,1,0,0,0,1]},{"Name":"Left Arm","CFrame":[0,0,0,1,-0,0,0,0.991,0.129,-0,-0.13,0.991]}]},{"Time":0.81,"Poses":[{"Name":"Torso","CFrame":[0,0,0,1,-0,0,0,0.998,0.055,-0,-0.056,0.998]},{"Name":"Blue","CFrame":[0,0,0,1,0,0,0,1,0,0,0,1]},{"Name":"Blue","CFrame":[0,0,0,1,0,0,0,1,0,0,0,1]},{"Name":"Right Arm","CFrame":[0,0,0,1,-0,0,0,0.991,0.13,-0,-0.131,0.991]},{"Name":"Right Leg","CFrame":[0,0,0,0.996,0.078,0,-0.079,0.996,-0,-0,0,1]},{"Name":"Left Leg","CFrame":[0.038,0.003,0,0.996,-0.079,0,0.078,0.996,0,0,0,1]},{"Name":"Head","CFrame":[0,0,0,1,0,0,0,1,0,0,0,1]},{"Name":"Left Arm","CFrame":[0,0,0,1,-0,0,0,0.991,0.13,-0,-0.131,0.991]}]},{"Time":0.89,"Poses":[{"Name":"Torso","CFrame":[0,0,0,1,-0,0,0,0.998,0.055,-0,-0.056,0.998]},{"Name":"Blue","CFrame":[0,0,0,1,0,0,0,1,0,0,0,1]},{"Name":"Blue","CFrame":[0,0,0,1,0,0,0,1,0,0,0,1]},{"Name":"Right Arm","CFrame":[0,0,0,1,-0,0,0,0.991,0.13,-0,-0.131,0.991]},{"Name":"Right Leg","CFrame":[0,0,0,0.996,0.078,0,-0.079,0.996,-0,-0,0,1]},{"Name":"Left Leg","CFrame":[0.038,0.003,0,0.996,-0.079,0,0.078,0.996,0,0,0,1]},{"Name":"Head","CFrame":[0,0,0,1,0,0,0,1,0,0,0,1]},{"Name":"Left Arm","CFrame":[0,0,0,1,-0,0,0,0.991,0.13,-0,-0.131,0.991]}]},{"Time":0.96,"Poses":[{"Name":"Torso","CFrame":[0,0,0,1,-0,0,0,0.998,0.055,-0,-0.056,0.998]},{"Name":"Blue","CFrame":[0,0,0,1,0,0,0,1,0,0,0,1]},{"Name":"Blue","CFrame":[0,0,0,1,0,0,0,1,0,0,0,1]},{"Name":"Right Arm","CFrame":[0,0,0,1,-0,0,0,0.991,0.13,-0,-0.131,0.991]},{"Name":"Right Leg","CFrame":[0,0,0,0.996,0.078,0,-0.079,0.996,-0,-0,0,1]},{"Name":"Left Leg","CFrame":[0.038,0.003,0,0.996,-0.079,0,0.078,0.996,0,0,0,1]},{"Name":"Head","CFrame":[0,0,0,1,0,0,0,1,0,0,0,1]},{"Name":"Left Arm","CFrame":[0,0,0,1,-0,0,0,0.991,0.13,-0,-0.131,0.991]}]},{"Time":1.03,"Poses":[{"Name":"Torso","CFrame":[0,0,0,1,-0,0,0,0.998,0.055,-0,-0.056,0.998]},{"Name":"Blue","CFrame":[0,0,0,1,0,0,0,1,0,0,0,1]},{"Name":"Blue","CFrame":[0,0,0,1,0,0,0,1,0,0,0,1]},{"Name":"Right Arm","CFrame":[0,0,0,1,-0,0,0,0.991,0.13,-0,-0.131,0.991]},{"Name":"Right Leg","CFrame":[0,0,0,0.996,0.078,0,-0.079,0.996,-0,-0,0,1]},{"Name":"Left Leg","CFrame":[0.038,0.003,0,0.996,-0.079,0,0.078,0.996,0,0,0,1]},{"Name":"Head","CFrame":[0,0,0,1,0,0,0,1,0,0,0,1]},{"Name":"Left Arm","CFrame":[0,0,0,1,-0,0,0,0.991,0.13,-0,-0.131,0.991]}]},{"Time":1.09,"Poses":[{"Name":"Torso","CFrame":[0,0,0,1,-0,0,0,0.998,0.055,-0,-0.056,0.998]},{"Name":"Blue","CFrame":[0,0,0,1,0,0,0,1,0,0,0,1]},{"Name":"Blue","CFrame":[0,0,0,1,0,0,0,1,0,0,0,1]},{"Name":"Right Arm","CFrame":[0,0,0,1,-0,0,0,0.991,0.13,-0,-0.131,0.991]},{"Name":"Right Leg","CFrame":[0,0,0,0.996,0.078,0,-0.079,0.996,-0,-0,0,1]},{"Name":"Left Leg","CFrame":[0.038,0.003,0,0.996,-0.079,0,0.078,0.996,0,0,0,1]},{"Name":"Head","CFrame":[0,0,0,1,0,0,0,1,0,0,0,1]},{"Name":"Left Arm","CFrame":[0,0,0,1,-0,0,0,0.991,0.13,-0,-0.131,0.991]}]},{"Time":1.14,"Poses":[{"Name":"Torso","CFrame":[0,0,0,1,-0,0,0,0.998,0.055,-0,-0.056,0.998]},{"Name":"Blue","CFrame":[0,0,0,1,0,0,0,1,0,0,0,1]},{"Name":"Blue","CFrame":[0,0,0,1,0,0,0,1,0,0,0,1]},{"Name":"Right Arm","CFrame":[0,0,0,1,-0,0,0,0.991,0.13,-0,-0.131,0.991]},{"Name":"Right Leg","CFrame":[0,0,0,0.996,0.078,0,-0.079,0.996,-0,-0,0,1]},{"Name":"Left Leg","CFrame":[0.038,0.003,0,0.996,-0.079,0,0.078,0.996,0,0,0,1]},{"Name":"Head","CFrame":[0,0,0,1,0,0,0,1,0,0,0,1]},{"Name":"Left Arm","CFrame":[0,0,0,1,-0,0,0,0.991,0.13,-0,-0.131,0.991]}]},{"Time":1.19,"Poses":[{"Name":"Torso","CFrame":[0.002,0.004,0,0.999,-0.001,0,0,0.999,0.043,-0.001,-0.044,0.999]},{"Name":"Blue","CFrame":[0,0,0,1,0,0,0,1,0,0,0,1]},{"Name":"Blue","CFrame":[0,0,0,1,0,0,0,1,0,0,0,1]},{"Name":"Right Arm","CFrame":[-0.049,-0.063,-0.007,0.984,-0.154,-0.091,0.165,0.976,0.141,0.066,-0.155,0.985]},{"Name":"Right Leg","CFrame":[-0.014,0.001,0.001,0.997,0.06,-0.029,-0.061,0.998,0.002,0.028,-0.001,0.999]},{"Name":"Left Leg","CFrame":[0.04,0.005,0.005,0.997,-0.061,0.027,0.06,0.998,0.007,-0.029,-0.006,0.999]},{"Name":"Head","CFrame":[0,-0.001,0,0.999,0,-0.001,-0.001,0.999,-0.005,0,0.004,0.999]},{"Name":"Left Arm","CFrame":[0.067,-0.041,-0.019,0.991,0.09,0.094,-0.102,0.987,0.116,-0.083,-0.126,0.988]}]},{"Time":1.24,"Poses":[{"Name":"Torso","CFrame":[0.024,0.046,0.213,0.999,-0.001,0.005,0,0.998,0.05,-0.006,-0.051,0.998]},{"Name":"Blue","CFrame":[0,0,0,1,0,0,0,1,0,0,0,1]},{"Name":"Blue","CFrame":[0,0,0,1,0,0,0,1,0,0,0,1]},{"Name":"Right Arm","CFrame":[0.036,-0.135,0.037,0.97,-0.018,-0.239,0.05,0.989,0.134,0.233,-0.143,0.961]},{"Name":"Right Leg","CFrame":[0.11,0.027,0.028,0.983,0.164,-0.078,-0.164,0.986,0.016,0.079,-0.004,0.996]},{"Name":"Left Leg","CFrame":[-0.013,0.012,0.019,0.992,-0.1,0.074,0.098,0.994,0.017,-0.076,-0.011,0.997]},{"Name":"Head","CFrame":[0,-0.001,0,0.999,0,-0.006,-0.001,0.999,-0.039,0.005,0.038,0.999]},{"Name":"Left Arm","CFrame":[0.207,-0.115,-0.06,0.971,0.036,0.235,-0.051,0.997,0.055,-0.234,-0.066,0.97]}]},{"Time":1.3,"Poses":[{"Name":"Torso","CFrame":[0.019,0.074,0.365,0.999,-0.001,0.006,0,0.999,0.044,-0.007,-0.045,0.998]},{"Name":"Blue","CFrame":[0,0,0,1,0,0,0,1,0,0,0,1]},{"Name":"Blue","CFrame":[0,0,0,1,0,0,0,1,0,0,0,1]},{"Name":"Right Arm","CFrame":[0.013,-0.128,0.088,0.992,-0.119,0.028,0.114,0.988,0.101,-0.041,-0.098,0.994]},{"Name":"Right Leg","CFrame":[0.263,0.062,0.037,0.972,0.226,-0.061,-0.226,0.973,0.024,0.064,-0.011,0.997]},{"Name":"Left Leg","CFrame":[-0.152,0.033,0.035,0.98,-0.161,0.115,0.159,0.987,0.016,-0.117,0.002,0.993]},{"Name":"Head","CFrame":[0,0,-0.001,0.999,0,-0.007,-0.001,0.999,-0.045,0.006,0.044,0.998]},{"Name":"Left Arm","CFrame":[0.313,-0.133,0.002,0.991,0.131,-0.004,-0.131,0.987,0.085,0.014,-0.085,0.996]}]},{"Time":1.35,"Poses":[{"Name":"Torso","CFrame":[0.005,0.08,0.344,0.999,-0.001,0.006,0,0.999,0.038,-0.007,-0.039,0.999]},{"Name":"Blue","CFrame":[0,0,0,1,0,0,0,1,0,0,0,1]},{"Name":"Blue","CFrame":[0,0,0,1,0,0,0,1,0,0,0,1]},{"Name":"Right Arm","CFrame":[-0.175,-0.11,0.277,0.819,-0.273,0.503,0.233,0.962,0.139,-0.523,0.003,0.852]},{"Name":"Right Leg","CFrame":[0.332,0.079,0.025,0.971,0.235,-0.009,-0.236,0.971,0.027,0.015,-0.025,0.999]},{"Name":"Left Leg","CFrame":[-0.199,0.047,0.041,0.973,-0.18,0.14,0.179,0.983,0.008,-0.14,0.016,0.99]},{"Name":"Head","CFrame":[0,0,0,0.999,0,-0.007,-0.001,0.999,-0.039,0.006,0.038,0.999]},{"Name":"Left Arm","CFrame":[0.418,-0.065,0.17,0.833,0.29,-0.471,-0.223,0.955,0.194,0.506,-0.057,0.86]}]},{"Time":1.4,"Poses":[{"Name":"Torso","CFrame":[-0.005,0.083,0.155,0.999,0.001,-0.005,-0.002,0.999,0.025,0.004,-0.026,0.999]},{"Name":"Blue","CFrame":[0,0,0,1,0,0,0,1,0,0,0,1]},{"Name":"Blue","CFrame":[0,0,0,1,0,0,0,1,0,0,0,1]},{"Name":"Right Arm","CFrame":[-0.295,-0.048,0.389,0.403,-0.55,0.731,0.333,0.832,0.441,-0.852,0.065,0.519]},{"Name":"Right Leg","CFrame":[0.465,0.132,0.003,0.962,0.265,0.053,-0.268,0.962,0.036,-0.042,-0.05,0.997]},{"Name":"Left Leg","CFrame":[-0.316,0.091,0.054,0.95,-0.254,0.179,0.26,0.965,-0.015,-0.17,0.06,0.983]},{"Name":"Head","CFrame":[0,-0.001,-0.001,0.999,-0.002,0.004,0.001,0.999,-0.026,-0.005,0.025,0.999]},{"Name":"Left Arm","CFrame":[0.527,0.077,0.36,0.638,0.349,-0.687,-0.257,0.936,0.238,0.725,0.024,0.687]}]},{"Time":1.46,"Poses":[{"Name":"Torso","CFrame":[0.022,0.068,-0.106,0.999,0.002,-0.02,-0.003,0.999,0,0.019,-0.001,0.999]},{"Name":"Blue","CFrame":[0,0,0,1,0,0,0,1,0,0,0,1]},{"Name":"Blue","CFrame":[0,0,0,1,0,0,0,1,0,0,0,1]},{"Name":"Right Arm","CFrame":[-0.409,0.071,0.5,-0.055,-0.922,0.384,0.018,0.384,0.923,-0.999,0.057,-0.005]},{"Name":"Right Leg","CFrame":[0.504,0.151,-0.005,0.963,0.243,0.106,-0.252,0.965,0.061,-0.089,-0.087,0.992]},{"Name":"Left Leg","CFrame":[-0.278,0.063,0.032,0.946,-0.251,0.202,0.264,0.963,-0.043,-0.185,0.093,0.978]},{"Name":"Head","CFrame":[0,-0.001,0,0.999,-0.003,0.019,0.002,0.999,-0.001,-0.02,0,0.999]},{"Name":"Left Arm","CFrame":[0.708,0.351,0.68,0.337,0.358,-0.871,-0.306,0.916,0.259,0.89,0.178,0.418]}]},{"Time":1.53,"Poses":[{"Name":"Torso","CFrame":[0.056,0.04,-0.319,0.999,0.002,-0.023,-0.004,0.999,-0.028,0.022,0.027,0.999]},{"Name":"Blue","CFrame":[0,0,0,1,0,0,0,1,0,0,0,1]},{"Name":"Blue","CFrame":[0,0,0,1,0,0,0,1,0,0,0,1]},{"Name":"Right Arm","CFrame":[-0.462,0.159,0.546,0.038,-0.999,-0.032,-0.35,-0.043,0.935,-0.937,-0.025,-0.352]},{"Name":"Right Leg","CFrame":[0.655,0.262,-0.03,0.948,0.29,0.13,-0.302,0.95,0.078,-0.101,-0.115,0.988]},{"Name":"Left Leg","CFrame":[-0.453,0.146,0.032,0.935,-0.314,0.161,0.326,0.943,-0.064,-0.133,0.112,0.984]},{"Name":"Head","CFrame":[0,-0.001,-0.001,0.999,-0.004,0.022,0.002,0.999,0.027,-0.023,-0.028,0.999]},{"Name":"Left Arm","CFrame":[0.789,0.486,0.814,0.186,0.332,-0.925,-0.41,0.881,0.234,0.892,0.335,0.3]}]},{"Time":1.58,"Poses":[{"Name":"Torso","CFrame":[0.112,0.043,-0.404,0.999,0.013,-0.015,-0.014,0.999,-0.025,0.013,0.025,0.999]},{"Name":"Blue","CFrame":[0,0,0,1,0,0,0,1,0,0,0,1]},{"Name":"Blue","CFrame":[0,0,0,1,0,0,0,1,0,0,0,1]},{"Name":"Right Arm","CFrame":[-0.406,0.096,0.509,0.034,-0.992,-0.125,-0.227,-0.13,0.965,-0.974,-0.006,-0.229]},{"Name":"Right Leg","CFrame":[0.685,0.332,0.017,0.945,0.321,0.058,-0.326,0.94,0.094,-0.025,-0.109,0.993]},{"Name":"Left Leg","CFrame":[-0.528,0.195,0.034,0.922,-0.353,0.154,0.367,0.926,-0.079,-0.116,0.129,0.984]},{"Name":"Head","CFrame":[0,0,0,0.999,-0.014,0.013,0.013,0.999,0.025,-0.015,-0.025,0.999]},{"Name":"Left Arm","CFrame":[0.777,0.471,0.778,0.162,0.323,-0.933,-0.507,0.838,0.202,0.846,0.439,0.299]}]},{"Time":1.67,"Poses":[{"Name":"Torso","CFrame":[0.317,0.097,-0.11,0.997,0.054,0.05,-0.057,0.998,0.024,-0.049,-0.028,0.998]},{"Name":"Blue","CFrame":[0,0,0,1,0,0,0,1,0,0,0,1]},{"Name":"Blue","CFrame":[0,0,0,1,0,0,0,1,0,0,0,1]},{"Name":"Right Arm","CFrame":[0.075,-0.4,0.288,0.339,-0.889,-0.308,0.751,0.059,0.657,-0.567,-0.455,0.687]},{"Name":"Right Leg","CFrame":[0.125,0.15,0.191,0.92,0.129,-0.369,-0.089,0.988,0.126,0.38,-0.084,0.92]},{"Name":"Left Leg","CFrame":[-0.399,0.254,0.132,0.911,-0.202,0.358,0.193,0.979,0.058,-0.363,0.015,0.931]},{"Name":"Head","CFrame":[0,-0.001,0,0.997,-0.057,-0.049,0.054,0.998,-0.028,0.05,0.024,0.998]},{"Name":"Left Arm","CFrame":[0.452,0.031,0.174,0.383,0.393,-0.836,-0.847,0.51,-0.149,0.368,0.764,0.528]}]},{"Time":1.75,"Poses":[{"Name":"Torso","CFrame":[0.437,0.15,-0.151,0.995,0.018,0.089,-0.025,0.997,0.069,-0.088,-0.072,0.993]},{"Name":"Blue","CFrame":[0,0,0,1,0,0,0,1,0,0,0,1]},{"Name":"Blue","CFrame":[0,0,0,1,0,0,0,1,0,0,0,1]},{"Name":"Right Arm","CFrame":[0.112,-0.517,0.291,0.839,-0.3,-0.455,0.523,0.671,0.524,0.148,-0.678,0.72]},{"Name":"Right Leg","CFrame":[0.034,0.257,0.303,0.736,0.037,-0.675,0.041,0.994,0.099,0.674,-0.102,0.731]},{"Name":"Left Leg","CFrame":[-0.35,0.299,0.07,0.926,-0.196,0.32,0.128,0.967,0.218,-0.353,-0.161,0.921]},{"Name":"Head","CFrame":[0,-0.001,0,0.995,-0.025,-0.088,0.018,0.997,-0.072,0.089,0.069,0.993]},{"Name":"Left Arm","CFrame":[0.194,-0.306,-0.261,0.632,0.545,-0.551,-0.754,0.265,-0.602,-0.182,0.795,0.578]}]},{"Time":1.83,"Poses":[{"Name":"Torso","CFrame":[0.4,0.124,-0.128,0.994,-0.029,0.105,0.021,0.997,0.07,-0.107,-0.068,0.991]},{"Name":"Blue","CFrame":[0,0,0,1,0,0,0,1,0,0,0,1]},{"Name":"Blue","CFrame":[0,0,0,1,0,0,0,1,0,0,0,1]},{"Name":"Right Arm","CFrame":[0.108,-0.487,0.082,0.791,-0.524,-0.316,0.587,0.793,0.158,0.167,-0.311,0.935]},{"Name":"Right Leg","CFrame":[0.057,0.242,0.289,0.736,0.063,-0.673,-0.025,0.997,0.066,0.675,-0.033,0.736]},{"Name":"Left Leg","CFrame":[-0.373,0.301,0.06,0.952,-0.18,0.246,0.116,0.961,0.249,-0.283,-0.209,0.936]},{"Name":"Head","CFrame":[0,-0.001,0,0.994,0.021,-0.107,-0.029,0.997,-0.068,0.105,0.07,0.991]},{"Name":"Left Arm","CFrame":[0.17,-0.353,-0.181,0.636,0.579,-0.51,-0.759,0.35,-0.549,-0.14,0.735,0.662]}]},{"Time":1.91,"Poses":[{"Name":"Torso","CFrame":[0.217,0.063,-0.005,0.997,-0.038,0.065,0.036,0.999,0.019,-0.067,-0.018,0.997]},{"Name":"Blue","CFrame":[0,0,0,1,0,0,0,1,0,0,0,1]},{"Name":"Blue","CFrame":[0,0,0,1,0,0,0,1,0,0,0,1]},{"Name":"Right Arm","CFrame":[0.071,-0.346,0.029,0.346,-0.881,0.324,0.937,0.317,-0.141,0.02,0.352,0.935]},{"Name":"Right Leg","CFrame":[0.142,0.119,0.154,0.865,0.075,-0.497,-0.091,0.995,-0.007,0.493,0.05,0.868]},{"Name":"Left Leg","CFrame":[-0.334,0.203,0.015,0.986,-0.089,0.137,0.051,0.966,0.251,-0.156,-0.241,0.958]},{"Name":"Head","CFrame":[0,0,0,0.997,0.036,-0.067,-0.038,0.999,-0.018,0.065,0.019,0.997]},{"Name":"Left Arm","CFrame":[0.262,-0.271,0.149,0.499,0.57,-0.652,-0.844,0.493,-0.215,0.198,0.656,0.727]}]},{"Time":1.99,"Poses":[{"Name":"Torso","CFrame":[0.009,0.025,-0.025,0.998,-0.05,0.003,0.049,0.998,-0.02,-0.003,0.019,0.999]},{"Name":"Blue","CFrame":[0,0,0,1,0,0,0,1,0,0,0,1]},{"Name":"Blue","CFrame":[0,0,0,1,0,0,0,1,0,0,0,1]},{"Name":"Right Arm","CFrame":[-0.003,-0.303,0.206,-0.169,-0.793,0.585,0.977,-0.213,-0.008,0.13,0.571,0.81]},{"Name":"Right Leg","CFrame":[0.059,-0.012,-0.026,0.957,0.01,-0.288,-0.033,0.997,-0.07,0.285,0.076,0.955]},{"Name":"Left Leg","CFrame":[-0.681,0.387,-0.047,0.946,-0.298,0.122,0.275,0.946,0.167,-0.166,-0.126,0.978]},{"Name":"Head","CFrame":[0,-0.001,0,0.999,0.026,-0.003,-0.027,0.999,0.02,0.003,-0.021,0.999]},{"Name":"Left Arm","CFrame":[0.395,-0.111,0.444,0.174,0.53,-0.83,-0.833,0.529,0.163,0.525,0.661,0.534]}]},{"Time":2.05,"Poses":[{"Name":"Torso","CFrame":[-0.102,0.012,-0.037,0.998,-0.055,-0.022,0.053,0.998,-0.034,0.023,0.032,0.999]},{"Name":"Blue","CFrame":[0,0,0,1,0,0,0,1,0,0,0,1]},{"Name":"Blue","CFrame":[0,0,0,1,0,0,0,1,0,0,0,1]},{"Name":"Right Arm","CFrame":[-0.047,-0.428,0.207,-0.462,-0.686,0.562,0.862,-0.495,0.104,0.206,0.533,0.819]},{"Name":"Right Leg","CFrame":[0.098,-0.009,-0.028,0.952,0.024,-0.305,-0.055,0.994,-0.09,0.301,0.101,0.948]},{"Name":"Left Leg","CFrame":[-0.615,0.387,0.007,0.783,-0.589,0.198,0.558,0.807,0.186,-0.271,-0.036,0.962]},{"Name":"Head","CFrame":[0,0,0,0.992,-0.121,0.02,0.119,0.992,0.034,-0.026,-0.033,0.999]},{"Name":"Left Arm","CFrame":[0.488,-0.056,0.531,0.026,0.57,-0.822,-0.781,0.525,0.339,0.624,0.631,0.458]}]},{"Time":2.14,"Poses":[{"Name":"Torso","CFrame":[-0.382,0.041,0.097,0.993,-0.099,-0.049,0.098,0.995,0,0.048,-0.005,0.998]},{"Name":"Blue","CFrame":[0,0,0,1,0,0,0,1,0,0,0,1]}]}]}
