{"Keyframes":[{"Time":0.06,"Poses":[{"Name":"Right Arm","CFrame":[0,-0.082,-0.282,0.943,-0.323,0.072,0.313,0.943,0.106,-0.103,-0.078,0.991]},{"Name":"Left Arm","CFrame":[0.293,0.24,-0.068,0.721,0.429,-0.543,-0.413,0.896,0.16,0.555,0.107,0.824]},{"Name":"Right Leg","CFrame":[0.344,0.335,0.083,0.97,-0.197,0.136,0.186,0.979,0.079,-0.15,-0.052,0.987]},{"Name":"Left Leg","CFrame":[0.063,0.33,0.117,0.846,0.301,0.439,-0.37,0.925,0.077,-0.384,-0.229,0.894]},{"Name":"Head","CFrame":[0,-0.001,-0.001,0.964,-0.261,0.048,0.264,0.924,-0.275,0.026,0.277,0.96]},{"Name":"Torso","CFrame":[-0.099,7.151,-0.32,0.813,0.563,-0.144,-0.574,0.734,-0.363,-0.099,0.377,0.92]},{"Name":"primary","CFrame":[0.874,3.101,6.285,0.88,-0.089,-0.466,0.167,0.977,0.129,0.443,-0.192,0.875]}]},{"Time":0.13,"Poses":[{"Name":"Right Arm","CFrame":[-0.04,-0.057,-0.275,0.939,-0.343,0.005,0.34,0.934,0.1,-0.04,-0.093,0.994]},{"Name":"Left Arm","CFrame":[0.247,0.172,-0.082,0.747,0.357,-0.56,-0.312,0.933,0.179,0.586,0.04,0.809]},{"Name":"Right Leg","CFrame":[0.387,0.519,0.013,0.888,-0.422,0.179,0.42,0.906,0.046,-0.183,0.034,0.982]},{"Name":"Left Leg","CFrame":[0.131,0.27,0.117,0.872,0.186,0.452,-0.262,0.958,0.109,-0.414,-0.214,0.885]},{"Name":"Head","CFrame":[0,-0.001,-0.001,0.975,-0.201,-0.086,0.177,0.959,-0.219,0.126,0.198,0.971]},{"Name":"Torso","CFrame":[-0.049,6.862,-0.325,0.911,0.403,-0.085,-0.407,0.844,-0.35,-0.07,0.353,0.932]},{"Name":"primary","CFrame":[0.579,2.968,6.063,0.945,-0.062,-0.32,0.111,0.984,0.139,0.305,-0.168,0.937]}]},{"Time":0.22,"Poses":[{"Name":"Right Arm","CFrame":[-0.02,-0.08,-0.265,0.974,-0.168,-0.149,0.18,0.98,0.079,0.131,-0.104,0.985]},{"Name":"Left Arm","CFrame":[0.213,0.122,-0.093,0.765,0.305,-0.567,-0.245,0.952,0.184,0.595,-0.003,0.803]},{"Name":"Right Leg","CFrame":[0.258,0.404,0.018,0.884,-0.457,0.099,0.456,0.889,0.017,-0.097,0.029,0.994]},{"Name":"Left Leg","CFrame":[0.177,0.265,0.116,0.883,0.089,0.459,-0.183,0.969,0.161,-0.432,-0.227,0.873]},{"Name":"Head","CFrame":[0,-0.001,-0.001,0.98,-0.101,-0.169,0.061,0.972,-0.224,0.186,0.209,0.959]},{"Name":"Torso","CFrame":[-0.04,6.585,-0.354,0.975,0.218,-0.02,-0.216,0.939,-0.266,-0.04,0.263,0.963]},{"Name":"primary","CFrame":[0.349,2.864,5.89,0.979,-0.038,-0.2,0.066,0.987,0.14,0.191,-0.152,0.969]}]},{"Time":0.31,"Poses":[{"Name":"Right Arm","CFrame":[0.003,-0.106,-0.255,0.946,-0.007,-0.322,0.035,0.995,0.085,0.319,-0.093,0.942]},{"Name":"Left Arm","CFrame":[0.186,0.078,-0.095,0.804,0.291,-0.517,-0.26,0.956,0.136,0.533,0.023,0.845]},{"Name":"Right Leg","CFrame":[0.203,0.324,0.02,0.899,-0.437,0.007,0.436,0.899,-0.003,-0.006,0.005,0.999]},{"Name":"Left Leg","CFrame":[0.246,0.242,0.108,0.884,-0.039,0.465,-0.065,0.976,0.204,-0.463,-0.211,0.861]},{"Name":"Head","CFrame":[0,-0.001,-0.001,0.972,-0.018,-0.233,-0.045,0.965,-0.258,0.228,0.261,0.937]},{"Name":"Torso","CFrame":[-0.015,6.287,-0.358,0.998,0.06,0.002,-0.06,0.982,-0.179,-0.014,0.177,0.983]},{"Name":"primary","CFrame":[0.13,2.75,5.686,0.995,-0.009,-0.092,0.02,0.99,0.135,0.089,-0.137,0.986]}]},{"Time":0.36,"Poses":[{"Name":"Right Arm","CFrame":[0.026,-0.132,-0.244,0.872,0.083,-0.483,-0.036,0.993,0.108,0.488,-0.078,0.869]},{"Name":"Left Arm","CFrame":[0.158,0.034,-0.097,0.84,0.279,-0.464,-0.271,0.958,0.087,0.469,0.052,0.881]},{"Name":"Right Leg","CFrame":[0.303,0.328,0.016,0.947,-0.31,-0.085,0.311,0.95,0.012,0.076,-0.039,0.996]},{"Name":"Left Leg","CFrame":[0.342,0.188,0.086,0.858,-0.195,0.474,0.098,0.97,0.218,-0.504,-0.141,0.852]},{"Name":"Head","CFrame":[0,0,-0.001,0.968,0.011,-0.249,-0.102,0.93,-0.353,0.226,0.366,0.902]},{"Name":"Torso","CFrame":[0.033,6.023,-0.316,0.999,0.019,-0.034,-0.024,0.991,-0.129,0.03,0.128,0.991]},{"Name":"primary","CFrame":[-0.016,2.643,5.474,0.999,0.021,-0.038,-0.018,0.992,0.124,0.04,-0.124,0.991]}]},{"Time":0.41,"Poses":[{"Name":"Right Arm","CFrame":[0.035,-0.136,-0.247,0.877,0.083,-0.474,-0.034,0.993,0.113,0.479,-0.084,0.873]},{"Name":"Left Arm","CFrame":[0.156,0.036,-0.082,0.837,0.283,-0.468,-0.277,0.957,0.084,0.471,0.058,0.879]},{"Name":"Right Leg","CFrame":[0.282,0.321,0.011,0.958,-0.264,-0.109,0.266,0.963,0.017,0.1,-0.047,0.993]},{"Name":"Left Leg","CFrame":[0.268,0.195,0.083,0.88,-0.222,0.42,0.137,0.965,0.22,-0.455,-0.137,0.88]},{"Name":"Head","CFrame":[0,0,-0.001,0.97,0.021,-0.239,-0.11,0.925,-0.362,0.213,0.377,0.901]},{"Name":"Torso","CFrame":[0.004,5.901,-0.286,0.999,0.001,-0.045,-0.007,0.992,-0.124,0.043,0.123,0.991]},{"Name":"primary","CFrame":[-0.02,2.62,5.366,0.998,0.04,-0.024,-0.038,0.991,0.123,0.028,-0.123,0.992]}]},{"Time":0.45,"Poses":[{"Name":"Right Arm","CFrame":[0.046,-0.136,-0.255,0.902,0.064,-0.425,-0.017,0.993,0.115,0.429,-0.097,0.897]},{"Name":"Left Arm","CFrame":[0.157,0.05,-0.057,0.825,0.29,-0.485,-0.284,0.954,0.09,0.488,0.062,0.87]},{"Name":"Right Leg","CFrame":[0.225,0.307,0.004,0.968,-0.212,-0.131,0.216,0.975,0.023,0.122,-0.051,0.991]},{"Name":"Left Leg","CFrame":[0.125,0.217,0.081,0.917,-0.234,0.321,0.168,0.961,0.217,-0.361,-0.145,0.921]},{"Name":"Head","CFrame":[0,0,-0.001,0.975,0.033,-0.22,-0.113,0.926,-0.359,0.191,0.374,0.907]},{"Name":"Torso","CFrame":[-0.053,5.753,-0.244,0.998,-0.021,-0.055,0.013,0.991,-0.126,0.056,0.124,0.99]},{"Name":"primary","CFrame":[0.004,2.606,5.231,0.997,0.064,-0.012,-0.063,0.99,0.124,0.019,-0.124,0.992]}]},{"Time":0.5,"Poses":[{"Name":"Right Arm","CFrame":[0.06,-0.137,-0.266,0.934,0.036,-0.355,0.006,0.992,0.119,0.356,-0.115,0.927]},{"Name":"Left Arm","CFrame":[0.158,0.066,-0.031,0.809,0.299,-0.505,-0.291,0.951,0.098,0.51,0.067,0.857]},{"Name":"Right Leg","CFrame":[0.147,0.288,-0.005,0.977,-0.139,-0.161,0.145,0.988,0.033,0.153,-0.056,0.986]},{"Name":"Left Leg","CFrame":[-0.056,0.249,0.075,0.952,-0.233,0.196,0.191,0.959,0.204,-0.236,-0.158,0.958]},{"Name":"Head","CFrame":[0,0,0,0.98,0.049,-0.192,-0.117,0.927,-0.355,0.16,0.369,0.915]},{"Name":"Torso","CFrame":[-0.117,5.546,-0.19,0.996,-0.048,-0.066,0.038,0.99,-0.129,0.071,0.125,0.989]},{"Name":"primary","CFrame":[0.03,2.578,5.042,0.995,0.093,0.003,-0.094,0.987,0.125,0.008,-0.126,0.992]}]},{"Time":0.57,"Poses":[{"Name":"Right Arm","CFrame":[0.078,-0.137,-0.279,0.964,0,-0.266,0.034,0.991,0.127,0.263,-0.133,0.955]},{"Name":"Left Arm","CFrame":[0.157,0.071,-0.07,0.809,0.293,-0.508,-0.281,0.954,0.105,0.515,0.057,0.855]},{"Name":"Right Leg","CFrame":[0.051,0.265,-0.017,0.979,-0.048,-0.196,0.057,0.997,0.047,0.192,-0.059,0.979]},{"Name":"Left Leg","CFrame":[-0.132,0.298,0.046,0.978,-0.094,0.181,0.061,0.983,0.17,-0.195,-0.156,0.968]},{"Name":"Head","CFrame":[0,0,0,0.985,0.068,-0.158,-0.121,0.928,-0.35,0.122,0.363,0.923]},{"Name":"Torso","CFrame":[-0.085,5.294,-0.153,0.997,-0.055,-0.054,0.047,0.99,-0.128,0.06,0.124,0.99]},{"Name":"primary","CFrame":[-0.004,2.483,4.818,0.995,0.094,0.013,-0.096,0.987,0.122,-0.003,-0.124,0.992]}]},{"Time":0.61,"Poses":[{"Name":"Right Arm","CFrame":[0.091,-0.138,-0.289,0.98,-0.028,-0.197,0.055,0.989,0.135,0.19,-0.144,0.971]},{"Name":"Left Arm","CFrame":[0.157,0.075,-0.099,0.81,0.289,-0.51,-0.273,0.955,0.11,0.519,0.049,0.853]},{"Name":"Right Leg","CFrame":[-0.022,0.247,-0.025,0.974,0.023,-0.222,-0.01,0.998,0.061,0.222,-0.058,0.973]},{"Name":"Left Leg","CFrame":[-0.19,0.336,0.024,0.985,0.015,0.167,-0.041,0.988,0.145,-0.164,-0.151,0.974]},{"Name":"Head","CFrame":[0,0,-0.001,0.987,0.083,-0.132,-0.125,0.929,-0.347,0.093,0.358,0.928]},{"Name":"Torso","CFrame":[-0.059,5.102,-0.124,0.997,-0.061,-0.045,0.054,0.99,-0.127,0.052,0.123,0.99]},{"Name":"primary","CFrame":[-0.031,2.41,4.647,0.995,0.095,0.021,-0.098,0.987,0.12,-0.01,-0.123,0.992]}]},{"Time":0.66,"Poses":[{"Name":"Right Arm","CFrame":[0.102,-0.138,-0.296,0.988,-0.051,-0.143,0.07,0.987,0.142,0.133,-0.151,0.979]},{"Name":"Left Arm","CFrame":[0.156,0.078,-0.122,0.81,0.286,-0.512,-0.267,0.957,0.114,0.522,0.043,0.851]},{"Name":"Right Leg","CFrame":[-0.078,0.233,-0.032,0.967,0.077,-0.241,-0.062,0.995,0.072,0.244,-0.056,0.967]},{"Name":"Left Leg","CFrame":[-0.243,0.337,0.02,0.987,0.085,0.131,-0.102,0.987,0.123,-0.119,-0.136,0.983]},{"Name":"Head","CFrame":[0,-0.001,-0.001,0.989,0.094,-0.112,-0.128,0.93,-0.344,0.071,0.354,0.932]},{"Name":"Torso","CFrame":[-0.027,4.954,-0.127,0.996,-0.07,-0.035,0.064,0.989,-0.128,0.043,0.125,0.991]},{"Name":"primary","CFrame":[-0.07,2.33,4.538,0.994,0.095,0.033,-0.1,0.987,0.121,-0.022,-0.125,0.992]}]},{"Time":0.73,"Poses":[{"Name":"Right Arm","CFrame":[0.119,-0.139,-0.309,0.994,-0.09,-0.05,0.096,0.983,0.155,0.035,-0.16,0.986]},{"Name":"Left Arm","CFrame":[0.162,0.052,-0.116,0.802,0.287,-0.524,-0.264,0.957,0.121,0.535,0.039,0.843]},{"Name":"Right Leg","CFrame":[-0.174,0.21,-0.044,0.947,0.167,-0.271,-0.148,0.984,0.094,0.282,-0.05,0.957]},{"Name":"Left Leg","CFrame":[-0.332,0.339,0.014,0.977,0.201,0.065,-0.208,0.973,0.092,-0.046,-0.104,0.993]},{"Name":"Head","CFrame":[0,-0.001,0,0.99,0.113,-0.077,-0.133,0.931,-0.34,0.033,0.346,0.937]},{"Name":"Torso","CFrame":[0.043,4.703,-0.162,0.995,-0.091,-0.014,0.087,0.987,-0.134,0.025,0.131,0.99]},{"Name":"primary","CFrame":[-0.155,2.167,4.377,0.993,0.095,0.059,-0.103,0.986,0.126,-0.047,-0.132,0.99]}]},{"Time":0.77,"Poses":[{"Name":"Right Arm","CFrame":[0.131,-0.139,-0.318,0.993,-0.115,0.009,0.111,0.979,0.165,-0.029,-0.164,0.986]},{"Name":"Left Arm","CFrame":[0.166,0.033,-0.108,0.796,0.288,-0.532,-0.262,0.956,0.126,0.544,0.037,0.837]},{"Name":"Right Leg","CFrame":[-0.236,0.195,-0.051,0.93,0.225,-0.29,-0.202,0.973,0.11,0.306,-0.045,0.95]},{"Name":"Left Leg","CFrame":[-0.39,0.339,0.01,0.961,0.275,0.024,-0.277,0.958,0.077,-0.003,-0.081,0.996]},{"Name":"Head","CFrame":[0,-0.001,0,0.99,0.125,-0.055,-0.137,0.931,-0.337,0.008,0.34,0.94]},{"Name":"Torso","CFrame":[0.086,4.54,-0.192,0.994,-0.106,0.002,0.105,0.985,-0.136,0.011,0.135,0.99]},{"Name":"primary","CFrame":[-0.21,2.054,4.28,0.992,0.093,0.079,-0.104,0.986,0.128,-0.067,-0.136,0.988]}]},{"Time":0.81,"Poses":[{"Name":"Right Arm","CFrame":[0.141,-0.14,-0.325,0.988,-0.138,0.062,0.125,0.976,0.175,-0.086,-0.166,0.982]},{"Name":"Left Arm","CFrame":[0.17,0.015,-0.1,0.791,0.289,-0.539,-0.261,0.956,0.131,0.553,0.036,0.832]},{"Name":"Right Leg","CFrame":[-0.292,0.181,-0.058,0.911,0.276,-0.305,-0.25,0.96,0.124,0.327,-0.038,0.944]},{"Name":"Left Leg","CFrame":[-0.446,0.334,0.007,0.938,0.344,-0.001,-0.344,0.936,0.072,0.025,-0.068,0.997]},{"Name":"Head","CFrame":[0,-0.001,-0.001,0.99,0.135,-0.034,-0.14,0.932,-0.334,-0.014,0.335,0.941]},{"Name":"Torso","CFrame":[0.119,4.392,-0.249,0.991,-0.127,0.028,0.128,0.982,-0.135,-0.012,0.136,0.99]},{"Name":"primary","CFrame":[-0.256,1.924,4.217,0.99,0.086,0.109,-0.1,0.986,0.127,-0.097,-0.137,0.985]}]},{"Time":0.87,"Poses":[{"Name":"Right Arm","CFrame":[0.149,-0.14,-0.333,0.979,-0.161,0.118,0.135,0.972,0.189,-0.146,-0.17,0.974]},{"Name":"Left Arm","CFrame":[0.173,-0.007,-0.087,0.784,0.29,-0.548,-0.259,0.956,0.137,0.562,0.034,0.825]},{"Name":"Right Leg","CFrame":[-0.338,0.17,-0.062,0.884,0.329,-0.332,-0.301,0.943,0.136,0.357,-0.021,0.933]},{"Name":"Left Leg","CFrame":[-0.495,0.322,0.006,0.912,0.408,-0.025,-0.407,0.911,0.069,0.05,-0.053,0.997]},{"Name":"Head","CFrame":[0,0,0,0.987,0.156,-0.007,-0.15,0.931,-0.333,-0.047,0.329,0.943]},{"Name":"Torso","CFrame":[0.174,4.17,-0.31,0.985,-0.158,0.064,0.165,0.977,-0.132,-0.042,0.14,0.989]},{"Name":"primary","CFrame":[-0.333,1.753,4.11,0.985,0.077,0.152,-0.098,0.987,0.126,-0.141,-0.14,0.98]}]},{"Time":0.93,"Poses":[{"Name":"Right Arm","CFrame":[0.127,-0.141,-0.328,0.987,-0.136,0.085,0.116,0.974,0.193,-0.11,-0.182,0.977]},{"Name":"Left Arm","CFrame":[0.166,-0.014,-0.066,0.784,0.29,-0.548,-0.259,0.956,0.137,0.562,0.034,0.825]},{"Name":"Right Leg","CFrame":[-0.239,0.194,-0.046,0.878,0.294,-0.376,-0.278,0.955,0.099,0.387,0.016,0.921]},{"Name":"Left Leg","CFrame":[-0.412,0.292,0.014,0.939,0.342,0.003,-0.343,0.936,0.072,0.021,-0.069,0.997]},{"Name":"Head","CFrame":[0,0,0,0.98,0.195,0.006,-0.182,0.922,-0.34,-0.073,0.331,0.94]},{"Name":"Torso","CFrame":[0.252,3.963,-0.271,0.978,-0.191,0.083,0.2,0.97,-0.131,-0.056,0.144,0.987]},{"Name":"primary","CFrame":[-0.439,1.69,3.96,0.978,0.083,0.188,-0.109,0.985,0.126,-0.176,-0.145,0.973]}]},{"Time":0.99,"Poses":[{"Name":"Right Arm","CFrame":[0.105,-0.142,-0.322,0.992,-0.11,0.053,0.097,0.975,0.199,-0.074,-0.193,0.978]},{"Name":"Left Arm","CFrame":[0.16,-0.021,-0.045,0.784,0.29,-0.548,-0.259,0.956,0.137,0.562,0.034,0.825]},{"Name":"Right Leg","CFrame":[-0.139,0.217,-0.029,0.871,0.256,-0.418,-0.256,0.964,0.06,0.418,0.053,0.906]},{"Name":"Left Leg","CFrame":[-0.328,0.262,0.023,0.961,0.274,0.031,-0.276,0.958,0.077,-0.009,-0.083,0.996]},{"Name":"Head","CFrame":[0,0,-0.001,0.972,0.234,0.018,-0.214,0.913,-0.347,-0.099,0.333,0.937]},{"Name":"Torso","CFrame":[0.255,3.756,-0.222,0.978,-0.185,0.092,0.195,0.972,-0.124,-0.068,0.138,0.988]},{"Name":"primary","CFrame":[-0.427,1.622,3.747,0.979,0.079,0.186,-0.103,0.987,0.12,-0.175,-0.137,0.975]}]},{"Time":1.05,"Poses":[{"Name":"Right Arm","CFrame":[0.083,-0.143,-0.317,0.996,-0.084,0.02,0.077,0.975,0.204,-0.038,-0.203,0.978]},{"Name":"Left Arm","CFrame":[0.162,-0.013,-0.045,0.781,0.29,-0.553,-0.261,0.956,0.134,0.567,0.039,0.822]},{"Name":"Right Leg","CFrame":[-0.04,0.241,-0.013,0.861,0.217,-0.459,-0.234,0.972,0.02,0.449,0.089,0.888]},{"Name":"Left Leg","CFrame":[-0.245,0.232,0.031,0.977,0.203,0.059,-0.208,0.974,0.084,-0.041,-0.095,0.994]},{"Name":"Head","CFrame":[0,0,0,0.961,0.272,0.031,-0.245,0.902,-0.355,-0.125,0.333,0.934]},{"Name":"Torso","CFrame":[0.239,3.549,-0.171,0.98,-0.169,0.099,0.179,0.977,-0.114,-0.078,0.129,0.988]},{"Name":"primary","CFrame":[-0.384,1.553,3.517,0.982,0.071,0.173,-0.092,0.989,0.111,-0.164,-0.126,0.978]}]},{"Time":1.1,"Poses":[{"Name":"Right Arm","CFrame":[0.065,-0.144,-0.312,0.998,-0.062,-0.008,0.061,0.975,0.21,-0.006,-0.211,0.977]},{"Name":"Left Arm","CFrame":[0.164,-0.006,-0.046,0.777,0.29,-0.558,-0.263,0.955,0.131,0.57,0.044,0.819]},{"Name":"Right Leg","CFrame":[0.035,0.251,-0.003,0.873,0.158,-0.461,-0.183,0.983,-0.009,0.45,0.091,0.887]},{"Name":"Left Leg","CFrame":[-0.175,0.21,0.035,0.986,0.143,0.081,-0.151,0.984,0.091,-0.068,-0.103,0.992]},{"Name":"Head","CFrame":[0,0,-0.001,0.956,0.289,0.033,-0.259,0.896,-0.36,-0.135,0.334,0.932]},{"Name":"Torso","CFrame":[0.203,3.371,-0.13,0.984,-0.15,0.094,0.159,0.98,-0.111,-0.076,0.124,0.989]},{"Name":"primary","CFrame":[-0.324,1.496,3.315,0.985,0.071,0.153,-0.09,0.99,0.107,-0.144,-0.12,0.982]}]},{"Time":1.16,"Poses":[{"Name":"Right Arm","CFrame":[0.044,-0.145,-0.307,0.998,-0.037,-0.038,0.044,0.975,0.217,0.028,-0.219,0.975]},{"Name":"Left Arm","CFrame":[0.167,0.003,-0.048,0.774,0.29,-0.563,-0.265,0.955,0.128,0.574,0.049,0.816]},{"Name":"Right Leg","CFrame":[0.101,0.246,0.001,0.909,0.055,-0.412,-0.073,0.996,-0.028,0.408,0.055,0.91]},{"Name":"Left Leg","CFrame":[-0.102,0.192,0.034,0.991,0.081,0.103,-0.093,0.99,0.1,-0.095,-0.109,0.989]},{"Name":"Head","CFrame":[0,-0.001,-0.001,0.958,0.284,0.025,-0.257,0.896,-0.361,-0.126,0.338,0.932]},{"Name":"Torso","CFrame":[0.131,3.179,-0.089,0.989,-0.123,0.072,0.13,0.984,-0.116,-0.057,0.124,0.99]},{"Name":"primary","CFrame":[-0.224,1.436,3.088,0.989,0.082,0.116,-0.096,0.989,0.109,-0.107,-0.12,0.987]}]},{"Time":1.21,"Poses":[{"Name":"Right Arm","CFrame":[0.024,-0.145,-0.302,0.997,-0.012,-0.068,0.026,0.974,0.224,0.062,-0.226,0.972]},{"Name":"Left Arm","CFrame":[0.17,0.011,-0.049,0.77,0.289,-0.568,-0.267,0.955,0.125,0.578,0.055,0.813]},{"Name":"Right Leg","CFrame":[0.167,0.241,0.005,0.931,-0.052,-0.36,0.039,0.998,-0.041,0.361,0.023,0.932]},{"Name":"Left Leg","CFrame":[-0.029,0.173,0.034,0.991,0.019,0.125,-0.034,0.993,0.11,-0.123,-0.114,0.985]},{"Name":"Head","CFrame":[0,-0.001,-0.001,0.966,0.256,-0.002,-0.241,0.9,-0.364,-0.092,0.351,0.931]},{"Name":"Torso","CFrame":[0.059,2.987,-0.049,0.994,-0.095,0.05,0.1,0.987,-0.121,-0.039,0.124,0.991]},{"Name":"primary","CFrame":[-0.123,1.376,2.863,0.992,0.093,0.079,-0.103,0.988,0.11,-0.069,-0.119,0.99]}]},{"Time":1.25,"Poses":[{"Name":"Right Arm","CFrame":[0.007,-0.146,-0.298,0.995,0.009,-0.093,0.012,0.972,0.23,0.092,-0.231,0.968]},{"Name":"Left Arm","CFrame":[0.172,0.018,-0.051,0.767,0.289,-0.572,-0.269,0.955,0.122,0.581,0.059,0.811]},{"Name":"Right Leg","CFrame":[0.222,0.237,0.009,0.938,-0.143,-0.315,0.134,0.989,-0.048,0.317,0.001,0.948]},{"Name":"Left Leg","CFrame":[0.032,0.158,0.033,0.989,-0.033,0.143,0.015,0.992,0.119,-0.147,-0.117,0.982]},{"Name":"Head","CFrame":[0,-0.001,-0.001,0.975,0.216,-0.039,-0.215,0.905,-0.367,-0.045,0.366,0.929]},{"Name":"Torso","CFrame":[0,2.824,-0.057,0.997,-0.062,0.033,0.065,0.989,-0.13,-0.026,0.131,0.991]},{"Name":"primary","CFrame":[-0.023,1.275,2.694,0.994,0.096,0.04,-0.101,0.987,0.118,-0.029,-0.122,0.992]}]},{"Time":1.3,"Poses":[{"Name":"Right Arm","CFrame":[-0.01,-0.147,-0.294,0.992,0.03,-0.118,-0.002,0.971,0.237,0.121,-0.236,0.964]},{"Name":"Left Arm","CFrame":[0.175,0.025,-0.052,0.764,0.288,-0.577,-0.271,0.955,0.119,0.585,0.064,0.808]},{"Name":"Right Leg","CFrame":[0.278,0.233,0.012,0.934,-0.233,-0.269,0.228,0.972,-0.049,0.272,-0.016,0.962]},{"Name":"Left Leg","CFrame":[0.094,0.142,0.032,0.983,-0.086,0.16,0.064,0.989,0.129,-0.171,-0.118,0.978]},{"Name":"Head","CFrame":[0,0,-0.001,0.981,0.174,-0.075,-0.19,0.908,-0.372,0.002,0.378,0.925]},{"Name":"Torso","CFrame":[-0.059,2.661,-0.07,0.999,-0.027,0.016,0.029,0.989,-0.139,-0.013,0.138,0.99]},{"Name":"primary","CFrame":[0.079,1.168,2.529,0.995,0.098,0,-0.098,0.987,0.125,0.011,-0.126,0.992]}]},{"Time":1.36,"Poses":[{"Name":"Right Arm","CFrame":[-0.032,-0.148,-0.288,0.987,0.057,-0.149,-0.02,0.969,0.246,0.158,-0.241,0.957]},{"Name":"Left Arm","CFrame":[0.176,0.03,-0.052,0.762,0.289,-0.58,-0.273,0.954,0.118,0.587,0.067,0.806]},{"Name":"Right Leg","CFrame":[0.342,0.222,0.016,0.919,-0.343,-0.194,0.341,0.939,-0.039,0.195,-0.031,0.98]},{"Name":"Left Leg","CFrame":[0.173,0.123,0.032,0.971,-0.151,0.181,0.125,0.981,0.144,-0.2,-0.118,0.972]},{"Name":"Head","CFrame":[0,0,-0.001,0.985,0.12,-0.12,-0.158,0.911,-0.38,0.063,0.392,0.917]},{"Name":"Torso","CFrame":[-0.137,2.454,-0.129,0.999,0.013,-0.016,-0.016,0.988,-0.15,0.013,0.15,0.988]},{"Name":"primary","CFrame":[0.205,1.006,2.339,0.992,0.111,-0.053,-0.104,0.985,0.136,0.066,-0.131,0.989]}]},{"Time":1.4,"Poses":[{"Name":"Right Arm","CFrame":[-0.048,-0.148,-0.284,0.982,0.077,-0.171,-0.033,0.966,0.252,0.184,-0.244,0.952]},{"Name":"Left Arm","CFrame":[0.176,0.03,-0.051,0.761,0.29,-0.58,-0.275,0.954,0.118,0.587,0.068,0.806]},{"Name":"Right Leg","CFrame":[0.368,0.198,0.018,0.904,-0.414,-0.103,0.414,0.91,-0.01,0.097,-0.034,0.994]},{"Name":"Left Leg","CFrame":[0.229,0.108,0.031,0.96,-0.197,0.195,0.168,0.973,0.155,-0.221,-0.117,0.968]},{"Name":"Head","CFrame":[0,0,-0.001,0.985,0.081,-0.152,-0.136,0.912,-0.386,0.106,0.399,0.91]},{"Name":"Torso","CFrame":[-0.194,2.306,-0.196,0.998,0.039,-0.047,-0.047,0.986,-0.159,0.039,0.16,0.986]},{"Name":"primary","CFrame":[0.292,0.874,2.217,0.987,0.128,-0.092,-0.114,0.982,0.146,0.108,-0.134,0.985]}]},{"Time":1.44,"Poses":[{"Name":"Right Arm","CFrame":[-0.056,-0.149,-0.281,0.978,0.089,-0.188,-0.04,0.965,0.255,0.204,-0.243,0.948]},{"Name":"Left Arm","CFrame":[0.176,0.03,-0.049,0.761,0.292,-0.58,-0.276,0.953,0.119,0.587,0.068,0.806]},{"Name":"Right Leg","CFrame":[0.371,0.179,0.017,0.894,-0.445,-0.049,0.445,0.895,0.013,0.037,-0.034,0.998]},{"Name":"Left Leg","CFrame":[0.246,0.105,0.028,0.947,-0.235,0.215,0.202,0.966,0.159,-0.246,-0.108,0.963]},{"Name":"Head","CFrame":[0,-0.001,-0.001,0.984,0.056,-0.169,-0.12,0.913,-0.39,0.132,0.402,0.905]},{"Name":"Torso","CFrame":[-0.237,2.158,-0.203,0.996,0.053,-0.069,-0.064,0.984,-0.165,0.058,0.167,0.984]},{"Name":"primary","CFrame":[0.35,0.797,2.077,0.982,0.144,-0.117,-0.126,0.98,0.153,0.135,-0.137,0.981]}]},{"Time":1.5,"Poses":[{"Name":"Right Arm","CFrame":[-0.042,-0.153,-0.282,0.976,0.083,-0.2,-0.033,0.969,0.244,0.213,-0.233,0.948]},{"Name":"Left Arm","CFrame":[0.175,0.03,-0.047,0.76,0.294,-0.58,-0.278,0.953,0.119,0.587,0.069,0.806]},{"Name":"Right Leg","CFrame":[0.302,0.171,0.005,0.926,-0.367,-0.089,0.368,0.929,0.013,0.077,-0.046,0.995]},{"Name":"Left Leg","CFrame":[0.142,0.133,0.013,0.928,-0.26,0.264,0.227,0.962,0.145,-0.293,-0.075,0.953]}]}]}
