{"Keyframes":[{"Time":0,"Poses":[{"Name":"HumanoidRootPart","CFrame":[0,0,0,1,0,0,0,1,0,0,0,1]},{"Name":"Torso","CFrame":[-0.0809893012046814,0,-0.23330235481262208,0.9947062134742737,-0,-0.10275957733392716,0,1,-0,0.10275957733392716,0,0.9947062134742737]},{"Name":"Head","CFrame":[6.891787052154541e-8,1.3322676295501879e-15,0.018294423818588258,0.9982568621635437,0,0.05901853367686272,0,1,0,-0.05901853367686272,0,0.9982568621635437]},{"Name":"Left Leg","CFrame":[-0.006772935390472412,0.5855727791786194,-0.1152205690741539,0.7584666609764099,0.48101991415023806,0.439713716506958,-0.622585117816925,0.7342474460601807,0.27068156003952029,-0.19265544414520265,-0.47906213998794558,0.8563780188560486]},{"Name":"Right Arm","CFrame":[0.3194354176521301,0.5445882081985474,-0.27929365634918215,-0.9226224422454834,-0.3419078588485718,0.1785135120153427,0.38247013092041018,-0.7511872053146362,0.5379912853240967,-0.04984641075134277,0.5646388530731201,0.8238314390182495]},{"Name":"Right Leg","CFrame":[0.37804535031318667,0.303419291973114,0.11150145530700684,0.9060423374176025,0.25634995102882388,-0.33670762181282046,-0.2075430154800415,0.9625607132911682,0.1743638515472412,0.36879971623420718,-0.08809969574213028,0.9253243803977966]},{"Name":"Left Arm","CFrame":[-0.4847053289413452,0.05859929323196411,-0.41298502683639529,-0.03530454635620117,0.066925048828125,-0.997133195400238,-0.5202628970146179,0.8506609201431274,0.07551465928554535,0.8532760739326477,0.521437406539917,0.004786431789398193]}]},{"Time":0.032786883413791659,"Poses":[{"Name":"HumanoidRootPart","CFrame":[0,0,0,1,0,0,0,1,0,0,0,1]},{"Name":"Torso","CFrame":[-0.07301084697246552,0,-0.31052589416503909,0.9947062134742737,-0,-0.10275957733392716,0,1,-0,0.10275957733392716,0,0.9947062134742737]},{"Name":"Head","CFrame":[9.12696123123169e-8,-8.881784197001253e-16,0.018294572830200197,0.998367190361023,0,0.05712183937430382,0,1,0,-0.05712183937430382,0,0.998367190361023]},{"Name":"Left Leg","CFrame":[0.11497044563293457,0.44051826000213625,-0.1353539377450943,0.646960973739624,0.5939518809318543,0.47818678617477419,-0.7546893954277039,0.5884198546409607,0.2901826798915863,-0.10902000963687897,-0.5486193895339966,0.8289338946342468]},{"Name":"Right Arm","CFrame":[0.280627965927124,0.5744331479072571,-0.27979135513305666,-0.9279215335845947,-0.3296835124492645,0.17398393154144288,0.3689770996570587,-0.7458351850509644,0.554604172706604,-0.05308051034808159,0.5788252353668213,0.8137221932411194]},{"Name":"Right Leg","CFrame":[0.4427835941314697,0.36632275581359866,0.13293573260307313,0.8883990049362183,0.29536232352256777,-0.35143741965293887,-0.24508105218410493,0.9524663090705872,0.1809508055448532,0.38817837834358218,-0.07462586462497711,0.91855788230896]},{"Name":"Left Arm","CFrame":[-0.47826337814331057,0.02510550618171692,-0.41795065999031069,-0.05587279796600342,0.06221643090248108,-0.9964975118637085,-0.5526628494262695,0.829285204410553,0.08276388049125672,0.8315298557281494,0.5553513765335083,-0.011949777603149414]}]},{"Time":0.06557376682758331,"Poses":[{"Name":"HumanoidRootPart","CFrame":[0,0,0,1,0,0,0,1,0,0,0,1]},{"Name":"Torso","CFrame":[-0.05593794956803322,0,-0.47577428817749026,0.9947062134742737,-0,-0.10275957733392716,0,1,-0,0.10275957733392716,0,0.9947062134742737]},{"Name":"Head","CFrame":[7.82310962677002e-8,-4.440892098500626e-16,0.01829397678375244,0.9986942410469055,0,0.0510859489440918,0,1,0,-0.0510859489440918,0,0.9986942410469055]},{"Name":"Left Leg","CFrame":[0.31869298219680788,0.12895101308822633,-0.15121909976005555,0.38057518005371096,0.7367596626281738,0.5588808059692383,-0.9217826128005981,0.2538594603538513,0.2930395305156708,0.0740225613117218,-0.626690149307251,0.7757447957992554]},{"Name":"Right Arm","CFrame":[0.19719870388507844,0.6382876634597778,-0.28064873814582827,-0.9404805898666382,-0.30148476362228396,0.1568540781736374,0.3339569568634033,-0.7342963218688965,0.5910004377365112,-0.06300026178359986,0.6082069873809815,0.7912744283676148]},{"Name":"Right Leg","CFrame":[0.5242294073104858,0.5132433176040649,0.16267849504947663,0.8521417379379273,0.3504860997200012,-0.38860517740249636,-0.29498881101608279,0.935077965259552,0.19649645686149598,0.4322453737258911,-0.052808694541454318,0.9002084136009216]},{"Name":"Left Arm","CFrame":[-0.46191680431365969,-0.04575657844543457,-0.42624911665916445,-0.0996694564819336,0.04900336265563965,-0.9938130974769592,-0.6183583736419678,0.7794504165649414,0.10044863820075989,0.7795503735542297,0.6245443820953369,-0.0473858118057251]}]},{"Time":0.09836065769195557,"Poses":[{"Name":"HumanoidRootPart","CFrame":[0,0,0,1,0,0,0,1,0,0,0,1]},{"Name":"Torso","CFrame":[-0.047959476709365848,0,-0.5529978275299072,0.9947062134742737,-0,-0.10275957733392716,0,1,-0,0.10275957733392716,0,0.9947062134742737]},{"Name":"Head","CFrame":[6.146728992462158e-8,-4.440892098500626e-16,0.01829397678375244,0.9991379976272583,0,0.04151194170117378,0,1,0,-0.04151194170117378,0,0.9991379976272583]},{"Name":"Left Leg","CFrame":[0.33729588985443118,0.12373368442058563,-0.16540008783340455,0.3075818419456482,0.7437518239021301,0.5934869050979614,-0.9437126517295837,0.1587015986442566,0.2902073860168457,0.1216549277305603,-0.6493436098098755,0.7507016658782959]},{"Name":"Right Arm","CFrame":[0.157168909907341,0.6686171293258667,-0.280759334564209,-0.9501703977584839,-0.2829909324645996,0.13073742389678956,0.30196571350097659,-0.731399655342102,0.6114501357078552,-0.07741354405879975,0.6204600930213928,0.7804079055786133]},{"Name":"Right Leg","CFrame":[0.5350062251091003,0.5995383262634277,0.17252367734909059,0.8324881792068481,0.3652714192867279,-0.41658157110214236,-0.3059573471546173,0.9299370646476746,0.2039782702922821,0.46190208196640017,-0.04235329478979111,0.8859190940856934]},{"Name":"Left Arm","CFrame":[-0.4487462639808655,-0.07859018445014954,-0.42532098293304446,-0.1211620569229126,0.0409855842590332,-0.9917861819267273,-0.6467254161834717,0.7547204494476318,0.11019644141197205,0.7530377507209778,0.6547650098800659,-0.06493711471557617]}]},{"Time":0.1352459043264389,"Poses":[{"Name":"HumanoidRootPart","CFrame":[0,0,0,1,0,0,0,1,0,0,0,1]},{"Name":"Torso","CFrame":[-0.04991602525115013,0,-0.5030074119567871,0.9951919317245483,-0,-0.09794388711452484,0,1,-0,0.09794388711452484,0,0.9951919317245483]},{"Name":"Head","CFrame":[9.499490261077881e-8,-4.440892098500626e-16,0.018294483423233033,0.9993979334831238,0,0.03469623252749443,0,1,0,-0.03469623252749443,0,0.9993979334831238]},{"Name":"Left Leg","CFrame":[0.33123713731765749,0.10864110291004181,-0.15358257293701173,0.27958786487579348,0.7652450799942017,0.5798539519309998,-0.9533951282501221,0.14992326498031617,0.26184117794036868,0.11343906819820404,-0.6260375380516052,0.7714976072311401]},{"Name":"Right Arm","CFrame":[0.16021686792373658,0.666671872138977,-0.28077220916748049,-0.9561150074005127,-0.2767048478126526,0.09632621705532074,0.2757946848869324,-0.7389872074127197,0.6146831512451172,-0.09890197217464447,0.6142740249633789,0.7828702926635742]},{"Name":"Right Leg","CFrame":[0.5225346088409424,0.5721641182899475,0.18323980271816255,0.8324602246284485,0.36011338233947756,-0.42110374569892886,-0.30610525608062746,0.932389497756958,0.1922222077846527,0.461854487657547,-0.031115271151065828,0.8864097595214844]},{"Name":"Left Arm","CFrame":[-0.4397854208946228,-0.0726814866065979,-0.4167969226837158,-0.12026309967041016,0.037093788385391238,-0.9920489192008972,-0.6406457424163818,0.7604710459709168,0.10609826445579529,0.7583600878715515,0.6483116149902344,-0.06769263744354248]}]},{"Time":0.16803278028964997,"Poses":[{"Name":"HumanoidRootPart","CFrame":[0,0,0,1,0,0,0,1,0,0,0,1]},{"Name":"Torso","CFrame":[-0.054316140711307529,0,-0.3696463108062744,0.9963557720184326,-0,-0.08529465645551682,0,1,-0,0.08529465645551682,0,0.9963557720184326]},{"Name":"Head","CFrame":[1.3783574104309083e-7,4.440892098500626e-16,0.018294543027877809,0.9993552565574646,0,0.0359041765332222,0,1,0,-0.0359041765332222,0,0.9993552565574646]},{"Name":"Left Leg","CFrame":[0.24264514446258546,0.49077922105789187,-0.1512591540813446,0.4297162890434265,0.7292136549949646,0.5325332283973694,-0.8948981165885925,0.42258185148239138,0.14346498250961305,-0.12042236328125,-0.5382121205329895,0.8341619968414307]},{"Name":"Right Arm","CFrame":[0.17273877561092378,0.6587235927581787,-0.28141817450523379,-0.9603793621063232,-0.27429306507110598,0.04934435710310936,0.2462010532617569,-0.7520281076431274,0.6114234924316406,-0.13060086965560914,0.5993471145629883,0.7897635102272034]},{"Name":"Right Leg","CFrame":[0.4906237721443176,0.47287100553512576,0.19093932211399079,0.8456810116767883,0.34007951617240908,-0.4113022983074188,-0.2981715500354767,0.9402543902397156,0.16436384618282319,0.4426255524158478,-0.016360759735107423,0.8965572714805603]},{"Name":"Left Arm","CFrame":[-0.42962509393692019,-0.05519869923591614,-0.4049980342388153,-0.1131216287612915,0.027486294507980348,-0.993200957775116,-0.6241726875305176,0.7757841944694519,0.09256017208099365,0.7730537056922913,0.6303994059562683,-0.07060182094573975]}]},{"Time":0.20081967115402223,"Poses":[{"Name":"HumanoidRootPart","CFrame":[0,0,0,1,0,0,0,1,0,0,0,1]},{"Name":"Torso","CFrame":[-0.05693817138671875,0,-0.23824596405029298,0.997320830821991,-0,-0.07315202057361603,0,1,-0,0.07315202057361603,0,0.997320830821991]},{"Name":"Head","CFrame":[8.754432201385498e-8,-8.881784197001253e-16,0.018294155597686769,0.9992688298225403,0,0.03823366016149521,0,1,0,-0.03823366016149521,0,0.9992688298225403]},{"Name":"Left Leg","CFrame":[0.26173460483551028,0.8761234283447266,-0.11511795222759247,0.6210190057754517,0.6093977689743042,0.4929196238517761,-0.7137380838394165,0.6995701789855957,0.03434315323829651,-0.32390326261520388,-0.3731432557106018,0.8693968057632446]},{"Name":"Right Arm","CFrame":[0.19278939068317414,0.6456499695777893,-0.28222569823265078,-0.9615879058837891,-0.2744780480861664,-0.0033486783504486086,0.21740396320819856,-0.7689728736877441,0.6011794805526733,-0.1675855815410614,0.5773587226867676,0.7991070747375488]},{"Name":"Right Leg","CFrame":[0.44685837626457217,0.3934361934661865,0.1910867989063263,0.8561446666717529,0.3161185681819916,-0.40876078605651858,-0.28351059556007388,0.9487118124961853,0.1398846060037613,0.4320163130760193,-0.003873482346534729,0.9018574953079224]},{"Name":"Left Arm","CFrame":[-0.41951364278793337,-0.029862403869628907,-0.39062464237213137,-0.10118448734283447,0.014050543308258057,-0.994768500328064,-0.5999900698661804,0.7967352867126465,0.07228243350982666,0.7935827970504761,0.6041650772094727,-0.07218706607818604]}]},{"Time":0.23360656201839448,"Poses":[{"Name":"HumanoidRootPart","CFrame":[0,0,0,1,0,0,0,1,0,0,0,1]},{"Name":"Torso","CFrame":[-0.05973305180668831,0,-0.10463310778141022,0.9978423714637756,-0,-0.06565561145544052,0,1,-0,0.06565561145544052,0,0.9978423714637756]},{"Name":"Head","CFrame":[7.636845111846924e-8,-1.3322676295501879e-15,0.018294334411621095,0.9991874694824219,0,0.040304191410541537,0,1,0,-0.040304191410541537,0,0.9991874694824219]},{"Name":"Left Leg","CFrame":[0.17980027198791505,1.1334054470062256,-0.08385105431079865,0.8133155703544617,0.3150580823421478,0.4891382157802582,-0.3807103931903839,0.9239162802696228,0.03792468458414078,-0.43997427821159365,-0.2170647382736206,0.871381402015686]},{"Name":"Right Arm","CFrame":[0.21556054055690766,0.6301764249801636,-0.2825143039226532,-0.9599801301956177,-0.27554866671562197,-0.05010973662137985,0.19516324996948243,-0.7864861488342285,0.5859614610671997,-0.20087149739265443,0.5527317523956299,0.8087881207466126]},{"Name":"Right Leg","CFrame":[0.44856351613998415,0.3893181085586548,0.20205366611480714,0.85260409116745,0.3187854588031769,-0.4140556752681732,-0.2930677831172943,0.9477270841598511,0.12619274854660035,0.4326402246952057,0.013753920793533326,0.9014617204666138]},{"Name":"Left Arm","CFrame":[-0.41125747561454775,-0.004342317581176758,-0.3755347728729248,-0.08756780624389649,0.0007876455783843994,-0.996158242225647,-0.5747671127319336,0.8167155385017395,0.05117097496986389,0.8136181831359863,0.5770399570465088,-0.07106530666351319]}]},{"Time":0.2663934528827667,"Poses":[{"Name":"HumanoidRootPart","CFrame":[0,0,0,1,0,0,0,1,0,0,0,1]},{"Name":"Torso","CFrame":[-0.06121910363435745,0,0.033634208142757419,0.9982771873474121,-0,-0.058673691004514697,0,1,-0,0.058673691004514697,0,0.9982771873474121]},{"Name":"Head","CFrame":[1.043081283569336e-7,-1.3322676295501879e-15,0.018294334411621095,0.9991163611412048,0,0.04202953353524208,0,1,0,-0.04202953353524208,0,0.9991163611412048]},{"Name":"Left Leg","CFrame":[-0.488031268119812,0.8961609601974487,0.23507770895957948,0.7918691635131836,-0.3604080379009247,0.493000328540802,0.3551725447177887,0.9285063147544861,0.10829806327819824,-0.49678540229797366,0.08934228122234345,0.8632625341415405]},{"Name":"Right Arm","CFrame":[0.23571789264678956,0.6156401634216309,-0.2817762792110443,-0.9577054977416992,-0.27606403827667239,-0.08117267489433289,0.18268552422523499,-0.8012793064117432,0.5697171092033386,-0.22232037782669068,0.5307920575141907,0.8178223371505737]},{"Name":"Right Leg","CFrame":[0.5104383826255798,0.4824063777923584,0.2288971245288849,0.8344763517379761,0.3540708124637604,-0.4222358763217926,-0.3362639844417572,0.9342384338378906,0.11884881556034088,0.4365498721599579,0.04280618950724602,0.8986611366271973]},{"Name":"Left Arm","CFrame":[-0.4062735438346863,0.013472884893417359,-0.3618978261947632,-0.07573926448822022,-0.00783240795135498,-0.9970969557762146,-0.5561482310295105,0.8303150534629822,0.035722553730010989,0.8276248574256897,0.5572392344474793,-0.06724345684051514]}]},{"Time":0.2991803288459778,"Poses":[{"Name":"HumanoidRootPart","CFrame":[0,0,0,1,0,0,0,1,0,0,0,1]},{"Name":"Torso","CFrame":[-0.05322563648223877,0,0.0863485336303711,0.9989691972732544,-0,-0.0453936792910099,0,1,-0,0.0453936792910099,0,0.9989691972732544]},{"Name":"Head","CFrame":[5.21540641784668e-8,-8.881784197001253e-16,0.018294066190719606,0.9992488622665405,0,0.038751304149627689,0,1,0,-0.038751304149627689,0,0.9992488622665405]},{"Name":"Left Leg","CFrame":[-0.655114471912384,0.4352063536643982,0.37326282262802126,0.6515390872955322,-0.579736590385437,0.48928767442703249,0.6009984016418457,0.788036048412323,0.13341709971427918,-0.4629231095314026,0.20713463425636292,0.861856997013092]},{"Name":"Right Arm","CFrame":[0.2501332759857178,0.6042450666427612,-0.27988749742507937,-0.9567103385925293,-0.27584385871887209,-0.09282086044549942,0.1801181137561798,-0.8116767406463623,0.555642306804657,-0.2286110520362854,0.5148699879646301,0.8262238502502441]},{"Name":"Right Leg","CFrame":[0.5448217391967773,0.6343096494674683,0.24497771263122559,0.8173547983169556,0.37672939896583559,-0.4358969032764435,-0.3669261634349823,0.9236897230148315,0.11028347909450531,0.44418051838874819,0.06980124115943909,0.8932141065597534]},{"Name":"Left Arm","CFrame":[-0.4049307703971863,0.01949372887611389,-0.350995808839798,-0.06731116771697998,-0.0095900297164917,-0.9976859092712402,-0.5487474799156189,0.8354852795600891,0.028991609811782838,0.8332738876342773,0.5494290590286255,-0.061499953269958499]}]},{"Time":0.33196720480918887,"Poses":[{"Name":"HumanoidRootPart","CFrame":[0,0,0,1,0,0,0,1,0,0,0,1]},{"Name":"Torso","CFrame":[-0.03380903601646423,0,0.06788825988769531,0.9997889399528503,-0,-0.020543554797768594,0,1,-0,0.020543554797768594,0,0.9997889399528503]},{"Name":"Head","CFrame":[9.499490261077881e-8,0,0.018294155597686769,0.9996601939201355,0,0.026067033410072328,0,1,0,-0.026067033410072328,0,0.9996601939201355]},{"Name":"Left Leg","CFrame":[-0.5948479771614075,0.4033536911010742,0.3509959578514099,0.7098333835601807,-0.5075988173484802,0.4883441925048828,0.5264407992362976,0.8429392576217651,0.11096617579460144,-0.4679707884788513,0.17831680178642274,0.865567147731781]},{"Name":"Right Arm","CFrame":[0.26112034916877749,0.594150185585022,-0.27707192301750185,-0.9566701650619507,-0.2765350937843323,-0.09116242080926895,0.18526345491409303,-0.8196293115615845,0.542111873626709,-0.2246323525905609,0.5017331838607788,0.8353466987609863]},{"Name":"Right Leg","CFrame":[0.3926924467086792,0.9141051173210144,0.18657371401786805,0.869512677192688,0.22171397507190705,-0.44135093688964846,-0.21610070765018464,0.9742912650108337,0.06369467079639435,0.4441263675689697,0.03999292105436325,0.8950711488723755]},{"Name":"Left Arm","CFrame":[-0.40557414293289187,0.017122268676757814,-0.3410342037677765,-0.05846822261810303,-0.007755458354949951,-0.9982592463493347,-0.5486361384391785,0.8356679677963257,0.025641322135925294,0.8340144753456116,0.5491802096366882,-0.053114891052246097]}]},{"Time":0.3647541105747223,"Poses":[{"Name":"HumanoidRootPart","CFrame":[0,0,0,1,0,0,0,1,0,0,0,1]},{"Name":"Torso","CFrame":[-0.0060753123834729198,0,0.005547046661376953,0.9998923540115356,0,0.014674349687993527,0,1,0,-0.014674349687993527,0,0.9998923540115356]},{"Name":"Head","CFrame":[8.475035429000855e-8,-3.608224830031759e-16,0.018294453620910646,0.9999937415122986,0,0.003539197612553835,0,1,0,-0.003539197612553835,0,0.9999937415122986]},{"Name":"Left Leg","CFrame":[-0.5043228268623352,0.4451678991317749,0.31103378534317019,0.8001422882080078,-0.35398760437965395,0.48421597480773928,0.3705154359340668,0.9265425205230713,0.06509386748075485,-0.4716891050338745,0.1273251473903656,0.8725237846374512]},{"Name":"Right Arm","CFrame":[0.27157914638519289,0.5831350088119507,-0.27355802059173586,-0.9565197229385376,-0.2799880802631378,-0.08171071112155914,0.19711515307426454,-0.8270395994186401,0.5264514088630676,-0.21497811377048493,0.48745474219322207,0.8462696075439453]},{"Name":"Right Leg","CFrame":[-0.11146193742752075,1.0784592628479005,0.06129080057144165,0.8692317008972168,-0.26677748560905459,-0.41625240445137026,0.27114835381507876,0.9612460732460022,-0.04984491318464279,0.4134185016155243,-0.069539375603199,0.9078818559646606]},{"Name":"Left Arm","CFrame":[-0.4068152904510498,0.010374993085861206,-0.33005842566490176,-0.04468667507171631,-0.006233632564544678,-0.9989815950393677,-0.5509900450706482,0.834285318851471,0.019441038370132448,0.8333145380020142,0.551297664642334,-0.04071617126464844]}]},{"Time":0.40163934230804446,"Poses":[{"Name":"HumanoidRootPart","CFrame":[0,0,0,1,0,0,0,1,0,0,0,1]},{"Name":"Torso","CFrame":[0.01715502329170704,0,-0.09114484488964081,0.9990233182907105,0,0.044186078011989596,0,1,0,-0.044186078011989596,0,0.9990233182907105]},{"Name":"Head","CFrame":[8.102506399154663e-8,-2.220446049250313e-16,0.018294841051101686,0.9998568892478943,-0,-0.01691851206123829,0,1,-0,0.01691851206123829,0,0.9998568892478943]},{"Name":"Left Leg","CFrame":[-0.41917112469673159,0.47239959239959719,0.2719319462776184,0.85738605260849,-0.20159953832626344,0.4735470712184906,0.2147957980632782,0.97629314661026,0.026728801429271699,-0.4677092730998993,0.07879900932312012,0.880362868309021]},{"Name":"Right Arm","CFrame":[0.28114259243011477,0.571998119354248,-0.2696337103843689,-0.9559718370437622,-0.28626754879951479,-0.06456650048494339,0.21504107117652894,-0.8330678939819336,0.5096619725227356,-0.19968795776367188,0.4733380377292633,0.8579486012458801]},{"Name":"Right Leg","CFrame":[-0.31843775510787966,0.8542838096618652,0.0499916672706604,0.6668599247932434,-0.6402751803398132,-0.3812420666217804,0.6431407332420349,0.7529277801513672,-0.13953395187854768,0.3763878643512726,-0.1521427184343338,0.9138844609260559]},{"Name":"Left Arm","CFrame":[-0.40875938534736636,-0.0004642009735107422,-0.3183870315551758,-0.026352643966674806,-0.0050002336502075199,-0.9996402263641357,-0.5556647181510925,0.8313403129577637,0.010490119457244873,0.8309887647628784,0.5557412505149841,-0.024686455726623536]}]},{"Time":0.4344262182712555,"Poses":[{"Name":"HumanoidRootPart","CFrame":[0,0,0,1,0,0,0,1,0,0,0,1]},{"Name":"Torso","CFrame":[0.025237180292606355,0,-0.1954379677772522,0.9985071420669556,0,0.05462145060300827,0,1,0,-0.05462145060300827,0,0.9985071420669556]},{"Name":"Head","CFrame":[8.940696716308594e-8,0,0.01829424500465393,0.9996994733810425,-0,-0.024513615295290948,0,1,-0,0.024513615295290948,0,0.9996994733810425]},{"Name":"Left Leg","CFrame":[-0.389093279838562,0.4766060709953308,0.2548733949661255,0.873421311378479,-0.14355655014514924,0.46532440185546877,0.15451385080814362,0.9878805875778198,0.014744628220796585,-0.4618016481399536,0.05902078375220299,0.8850173950195313]},{"Name":"Right Arm","CFrame":[0.28943932056427,0.561943769454956,-0.2658216953277588,-0.9547302722930908,-0.29449477791786196,-0.04199778288602829,0.2364799827337265,-0.8370190858840942,0.49343398213386538,-0.18046662211418153,0.4611645042896271,0.8687687516212463]},{"Name":"Right Leg","CFrame":[-0.3080868721008301,0.5656417608261108,0.010690703988075257,0.4474344253540039,-0.8104426860809326,-0.37813401222229006,0.8377770185470581,0.5277907848358154,-0.13988114893436433,0.312941312789917,-0.25420427322387698,0.9151217937469482]},{"Name":"Left Arm","CFrame":[-0.4114832580089569,-0.014557749032974244,-0.3065507411956787,-0.004657268524169922,-0.0038594305515289308,-0.9999817609786987,-0.5620592832565308,0.827096700668335,-0.0005744993686676025,0.8270838260650635,0.5620464086532593,-0.00602114200592041]}]},{"Time":0.46721312403678896,"Poses":[{"Name":"HumanoidRootPart","CFrame":[0,0,0,1,0,0,0,1,0,0,0,1]},{"Name":"Torso","CFrame":[0.018924852833151819,0,-0.34346067905426028,0.9985071420669556,0,0.05462145060300827,0,1,0,-0.05462145060300827,0,0.9985071420669556]},{"Name":"Head","CFrame":[9.685754776000977e-8,0,0.018294334411621095,0.9997016191482544,-0,-0.02442731335759163,0,1,-0,0.02442731335759163,0,0.9997016191482544]},{"Name":"Left Leg","CFrame":[-0.44899648427963259,0.5187283754348755,0.2755943834781647,0.8398525714874268,-0.24953535199165345,0.4820577800273895,0.25252410769462588,0.9657313823699951,0.05995357036590576,-0.48049888014793398,0.07137906551361084,0.8740857243537903]},{"Name":"Right Arm","CFrame":[0.29627397656440737,0.5541626214981079,-0.26270368695259097,-0.952691912651062,-0.3034456968307495,-0.017311491072177888,0.2583593726158142,-0.8385089635848999,0.4797435998916626,-0.16009193658828736,0.45257502794265749,0.8772379755973816]},{"Name":"Right Leg","CFrame":[-0.27203744649887087,0.1236523985862732,-0.07379746437072754,0.2312450408935547,-0.8829737305641174,-0.4085136651992798,0.9670383334159851,0.2546144723892212,-0.0029254257678985597,0.10659664869308472,-0.39437180757522585,0.9127475023269653]},{"Name":"Left Arm","CFrame":[-0.414993017911911,-0.030455559492111207,-0.29526442289352419,0.01845484972000122,-0.0025441646575927736,-0.9998264312744141,-0.5694440603256226,0.8219335079193115,-0.01260232925415039,0.8218228816986084,0.5695778131484985,0.013719916343688965]}]},{"Time":0.5,"Poses":[{"Name":"HumanoidRootPart","CFrame":[0,0,0,1,0,0,0,1,0,0,0,1]},{"Name":"Torso","CFrame":[0.005763307213783264,0,-0.5199540853500366,0.9985071420669556,0,0.05462145060300827,0,1,0,-0.05462145060300827,0,0.9985071420669556]},{"Name":"Head","CFrame":[8.102506399154663e-8,-2.220446049250313e-16,0.018293946981430055,0.9997202754020691,-0,-0.023650577291846277,0,1,-0,0.023650577291846277,0,0.9997202754020691]},{"Name":"Left Leg","CFrame":[-0.5281317234039307,0.5540945529937744,0.32411617040634158,0.704543948173523,-0.4574146270751953,0.5425769686698914,0.4341322183609009,0.8826113939285278,0.1803506761789322,-0.561379611492157,0.108485147356987,0.8204169273376465]},{"Name":"Right Arm","CFrame":[0.30171653628349306,0.5492960214614868,-0.2606506049633026,-0.9502232074737549,-0.31151458621025088,0.005886852741241455,0.2775845229625702,-0.8378419876098633,0.4700720012187958,-0.1415020227432251,0.4483073651790619,0.8826084733009338]},{"Name":"Right Leg","CFrame":[-0.28602415323257449,0.12214399874210358,-0.1042039692401886,0.312555193901062,-0.859321653842926,-0.4048154950141907,0.9435551762580872,0.23168981075286866,0.2366929054260254,-0.10960368812084198,-0.45594537258148196,0.8832331895828247]},{"Name":"Left Arm","CFrame":[-0.4192005693912506,-0.04629501700401306,-0.28529709577560427,0.04062134027481079,-0.001303344964981079,-0.9991737604141235,-0.5769070386886597,0.8164417743682861,-0.024519115686416627,0.8157991170883179,0.5774263143539429,0.0324130654335022]}]},{"Time":0.5327869057655335,"Poses":[{"Name":"HumanoidRootPart","CFrame":[0,0,0,1,0,0,0,1,0,0,0,1]},{"Name":"Torso","CFrame":[-0.00035842135548591614,0,-0.5907204151153565,0.9985071420669556,0,0.05462145060300827,0,1,0,-0.05462145060300827,0,0.9985071420669556]},{"Name":"Head","CFrame":[1.0058283805847168e-7,0,0.018294155597686769,0.9997745156288147,-0,-0.021234022453427316,0,1,-0,0.021234022453427316,0,0.9997745156288147]},{"Name":"Left Leg","CFrame":[-0.5412584543228149,0.5510842800140381,0.3509688079357147,0.6092028021812439,-0.5437736511230469,0.5772193670272827,0.4989444315433502,0.8285820484161377,0.25398093461990359,-0.6163817644119263,0.13327446579933167,0.7760872840881348]},{"Name":"Right Arm","CFrame":[0.30601558089256289,0.5473562479019165,-0.2597430944442749,-0.9478060007095337,-0.31781572103500368,0.025648579001426698,0.29275256395339968,-0.8355393409729004,0.4649415612220764,-0.12633530795574189,0.4481828808784485,0.8849698305130005]},{"Name":"Right Leg","CFrame":[-0.2715880870819092,0.1822679042816162,-0.11869116127490998,0.3837464451789856,-0.8401274085044861,-0.38330742716789248,0.9058765769004822,0.2619181275367737,0.3328460156917572,-0.17923787236213685,-0.47495773434638979,0.8615618944168091]},{"Name":"Left Arm","CFrame":[-0.42393216490745547,-0.06022387742996216,-0.27728742361068728,0.059776365756988528,0.000056743621826171878,-0.9982118010520935,-0.5834794640541077,0.8113778829574585,-0.034894704818725589,0.8099250197410584,0.5845219492912293,0.0485343337059021]}]},{"Time":0.5655737519264221,"Poses":[{"Name":"HumanoidRootPart","CFrame":[0,0,0,1,0,0,0,1,0,0,0,1]},{"Name":"Torso","CFrame":[0.006870672106742859,0,-0.47612154483795168,0.9985071420669556,0,0.05462145060300827,0,1,0,-0.05462145060300827,0,0.9985071420669556]},{"Name":"Head","CFrame":[7.82310962677002e-8,-4.440892098500626e-16,0.01829427480697632,0.9998710751533508,-0,-0.016055380925536157,0,1,-0,0.016055380925536157,0,0.9998710751533508]},{"Name":"Left Leg","CFrame":[-0.5731279850006104,0.5024301409721375,0.3485739231109619,0.6320943832397461,-0.5514866709709168,0.5443519949913025,0.5201521515846252,0.8226721286773682,0.22946083545684815,-0.5743678212165833,0.13810494542121888,0.8068634271621704]},{"Name":"Right Arm","CFrame":[0.3097025752067566,0.5468184947967529,-0.26014837622642519,-0.9451862573623657,-0.32334670424461367,0.045502856373786929,0.3064633309841156,-0.8303370475769043,0.46542593836784365,-0.11271122097969055,0.45385900139808657,0.883916437625885]},{"Name":"Right Leg","CFrame":[-0.2677781581878662,0.13696441054344178,-0.09928814321756363,0.3901766538619995,-0.839956521987915,-0.37714123725891116,0.9156008958816528,0.3107392191886902,0.25517940521240237,-0.09714694321155548,-0.4448758363723755,0.8903078436851502]},{"Name":"Left Arm","CFrame":[-0.42897847294807436,-0.07082310318946839,-0.2716093063354492,0.07404381036758423,0.0014065206050872803,-0.9972540140151978,-0.5887352228164673,0.807204008102417,-0.042573779821395877,0.8049275875091553,0.5902708768844605,0.0605965256690979]}]},{"Time":0.5983606576919556,"Poses":[{"Name":"HumanoidRootPart","CFrame":[0,0,0,1,0,0,0,1,0,0,0,1]},{"Name":"Torso","CFrame":[0.023666370660066606,0,-0.20666176080703736,0.9985071420669556,0,0.05462145060300827,0,1,0,-0.05462145060300827,0,0.9985071420669556]},{"Name":"Head","CFrame":[9.66247171163559e-8,-4.440892098500626e-16,0.01829400658607483,0.9999749660491943,-0,-0.007078360766172409,0,1,-0,0.007078360766172409,0,0.9999749660491943]},{"Name":"Left Leg","CFrame":[-0.6182096600532532,0.40892407298088076,0.3414444327354431,0.6689913272857666,-0.5600132942199707,0.4887082278728485,0.5534054040908814,0.8142203092575073,0.17546424269676209,-0.4961784780025482,0.15306970477104188,0.8546206951141357]},{"Name":"Right Arm","CFrame":[0.3129861354827881,0.546362042427063,-0.2620756924152374,-0.94178307056427,-0.32898107171058657,0.06939786672592163,0.3215031325817108,-0.8207640647888184,0.47220978140830996,-0.09838880598545075,0.467030793428421,0.878750205039978]},{"Name":"Right Leg","CFrame":[-0.27568191289901736,0.019763827323913575,-0.07777981460094452,0.43178844451904299,-0.8121531009674072,-0.3923851251602173,0.8922299146652222,0.4483640193939209,0.053810253739356998,0.13222920894622804,-0.3733323812484741,0.9182256460189819]},{"Name":"Left Arm","CFrame":[-0.4341464042663574,-0.07728710770606995,-0.2683572471141815,0.08251559734344483,0.002712428569793701,-0.9965861439704895,-0.5922987461090088,0.8043550848960877,-0.04685211181640625,0.8014820218086243,0.5941426753997803,0.06797844171524048]}]},{"Time":0.6352459192276001,"Poses":[{"Name":"HumanoidRootPart","CFrame":[0,0,0,1,0,0,0,1,0,0,0,1]},{"Name":"Torso","CFrame":[0.0349840447306633,0,-0.017365463078022004,0.9985071420669556,0,0.05462145060300827,0,1,0,-0.05462145060300827,0,0.9985071420669556]},{"Name":"Head","CFrame":[9.66247171163559e-8,-2.7755575615628915e-16,0.01829412579536438,0.9999827742576599,0,0.005869873333722353,0,1,0,-0.005869873333722353,0,0.9999827742576599]},{"Name":"Left Leg","CFrame":[-0.642400324344635,0.37071001529693606,0.334379643201828,0.6845877170562744,-0.5650138854980469,0.46054214239120486,0.568506121635437,0.8092929720878601,0.14780287444591523,-0.4562242031097412,0.16063697636127473,0.8752458095550537]},{"Name":"Right Arm","CFrame":[0.3156593143939972,0.5459572076797485,-0.2653074562549591,-0.9376569986343384,-0.33404478430747988,0.09599101543426514,0.3371752202510834,-0.8072341680526733,0.484444797039032,-0.08433903753757477,0.486608624458313,0.8695395588874817]},{"Name":"Right Leg","CFrame":[-0.03159445524215698,0.5128875970840454,0.036816418170928958,0.7499709129333496,-0.5138479471206665,-0.41653814911842348,0.5644774436950684,0.8254461884498596,-0.001949809491634369,0.3448317348957062,-0.23366406559944154,0.9091161489486694]},{"Name":"Left Arm","CFrame":[-0.4392930865287781,-0.07935547828674317,-0.2674211859703064,0.08514320850372315,0.0038706958293914797,-0.9963611960411072,-0.5940424203872681,0.8030216097831726,-0.04764378070831299,0.7999151349067688,0.5959373116493225,0.07067114114761353]}]},{"Time":0.6680327653884888,"Poses":[{"Name":"HumanoidRootPart","CFrame":[0,0,0,1,0,0,0,1,0,0,0,1]},{"Name":"Torso","CFrame":[0.030145764350891115,0,0.0497889518737793,0.9990079998970032,0,0.044531118124723437,0,1,0,-0.044531118124723437,0,0.9990079998970032]},{"Name":"Head","CFrame":[8.987262845039368e-8,-1.1102230246251566e-16,0.018294304609298707,0.9999194741249085,0,0.012689083814620972,0,1,0,-0.012689083814620972,0,0.9999194741249085]},{"Name":"Left Leg","CFrame":[-0.6571881771087647,0.41507142782211306,0.3003513216972351,0.6912257075309753,-0.5687733888626099,0.44576212763786318,0.5446964502334595,0.8154470920562744,0.19583630561828614,-0.4748819172382355,0.10743796825408936,0.8734667897224426]},{"Name":"Right Arm","CFrame":[0.3175668716430664,0.5455684661865234,-0.26930463314056399,-0.9331308603286743,-0.3379402756690979,0.12273551523685456,0.35230326652526858,-0.7912904024124146,0.4997424781322479,-0.07176367938518524,0.5095650553703308,0.8574342727661133]},{"Name":"Right Leg","CFrame":[0.4083707332611084,0.8804767727851868,-0.017980873584747316,0.918036937713623,0.10285195708274842,-0.382922500371933,-0.003818526864051819,0.9680178165435791,0.2508522868156433,0.39647647738456728,-0.22882947325706483,0.8890689015388489]},{"Name":"Left Arm","CFrame":[-0.4469010829925537,-0.06712159514427185,-0.2804776728153229,0.07399457693099976,0.009856194257736206,-0.9972099661827087,-0.5888923406600952,0.8074219226837158,-0.035716354846954349,0.8048171401023865,0.5898920893669128,0.06554907560348511]}]},{"Time":0.7008196711540222,"Poses":[{"Name":"HumanoidRootPart","CFrame":[0,0,0,1,0,0,0,1,0,0,0,1]},{"Name":"Torso","CFrame":[0.009608758613467217,0,0.059990912675857547,0.9998524785041809,0,0.01717744767665863,0,1,0,-0.01717744767665863,0,0.9998524785041809]},{"Name":"Head","CFrame":[8.568167686462403e-8,-2.220446049250313e-16,0.01829466223716736,0.9999847412109375,0,0.005524587817490101,0,1,0,-0.005524587817490101,0,0.9999847412109375]},{"Name":"Left Leg","CFrame":[-0.677341103553772,0.4984095096588135,0.21961386501789094,0.7054673433303833,-0.5719166398048401,0.41860154271125796,0.4846346080303192,0.8202309012413025,0.3038923740386963,-0.5171509981155396,-0.011517345905303955,0.855816662311554]},{"Name":"Right Arm","CFrame":[0.3187035322189331,0.5451915264129639,-0.273298054933548,-0.9288443326950073,-0.3402997553348541,0.1464383751153946,0.3652935326099396,-0.7754316329956055,0.5150402784347534,-0.06171514093875885,0.5318852663040161,0.8445645570755005]},{"Name":"Right Leg","CFrame":[0.7137085795402527,0.7342064380645752,0.012337416410446167,0.7862378358840942,0.5179811716079712,-0.33693552017211916,-0.3761201500892639,0.8337907791137695,0.4041368365287781,0.4902690052986145,-0.1910194307565689,0.8503810167312622]},{"Name":"Left Arm","CFrame":[-0.45879536867141726,-0.03276771306991577,-0.3169519305229187,0.043377041816711429,0.02495405077934265,-0.9987469911575317,-0.5719689130783081,0.8202638030052185,-0.0043468475341796879,0.8191275596618652,0.5714408159255981,0.04985356330871582]}]},{"Time":0.7336065769195557,"Poses":[{"Name":"HumanoidRootPart","CFrame":[0,0,0,1,0,0,0,1,0,0,0,1]},{"Name":"Torso","CFrame":[-0.02346457913517952,0,-0.010049108415842057,0.9996326565742493,-0,-0.027102621272206308,0,1,-0,0.027102621272206308,0,0.9996326565742493]},{"Name":"Head","CFrame":[8.102506399154663e-8,-4.440892098500626e-16,0.018293917179107667,0.9998961091041565,0,0.014415401965379715,0,1,0,-0.014415401965379715,0,0.9998961091041565]},{"Name":"Left Leg","CFrame":[-0.5911310911178589,0.7846294641494751,0.02236732840538025,0.8445519208908081,-0.3518829643726349,0.403621643781662,0.20817294716835023,0.9102332592010498,0.35796576738357546,-0.49335190653800967,-0.2182975560426712,0.8419917821884155]},{"Name":"Right Arm","CFrame":[0.3192364275455475,0.544870138168335,-0.2765529751777649,-0.9254109859466553,-0.3414795994758606,0.16433584690093995,0.3749770522117615,-0.7623517513275147,0.5274580121040344,-0.05483444407582283,0.5497376322746277,0.8335356712341309]},{"Name":"Right Leg","CFrame":[0.6665611267089844,0.6367363929748535,0.09070366621017456,0.8084637522697449,0.47582733631134035,-0.3463737964630127,-0.378021240234375,0.8709002137184143,0.31405866146087649,0.45109468698501589,-0.12296842038631439,0.8839640021324158]},{"Name":"Left Arm","CFrame":[-0.47185027599334719,0.011541783809661866,-0.3636943995952606,0.0047179460525512699,0.044964879751205447,-0.9989774227142334,-0.5479406118392944,0.8357834219932556,0.035031527280807498,0.8365039825439453,0.5472149848937988,0.02858126163482666]}]},{"Time":0.7663934230804443,"Poses":[{"Name":"HumanoidRootPart","CFrame":[0,0,0,1,0,0,0,1,0,0,0,1]},{"Name":"Torso","CFrame":[-0.06439575552940369,0,-0.16185596585273744,0.9967079162597656,-0,-0.08107589930295944,0,1,-0,0.08107589930295944,0,0.9967079162597656]},{"Name":"Head","CFrame":[9.499490261077881e-8,4.440892098500626e-16,0.01829397678375244,0.9990195035934448,0,0.04427233710885048,0,1,0,-0.04427233710885048,0,0.9990195035934448]},{"Name":"Left Leg","CFrame":[-0.202231764793396,0.8264660835266113,-0.1365503966808319,0.8795167207717896,0.2115662693977356,0.4262511730194092,-0.364185094833374,0.8758069276809692,0.3167514204978943,-0.3062998056411743,-0.43382251262664797,0.8473361134529114]},{"Name":"Right Arm","CFrame":[0.3194105923175812,0.5446592569351196,-0.2786080241203308,-0.9233312606811523,-0.34181690216064455,0.17498809099197389,0.3805951476097107,-0.7540037631988525,0.5353743433952332,-0.051058329641819,0.5609274506568909,0.8262889385223389]},{"Name":"Right Leg","CFrame":[0.5011067390441895,0.4076574444770813,0.13594987988471986,0.8720471858978272,0.34507378935813906,-0.34707021713256838,-0.2886478006839752,0.935303807258606,0.20466844737529756,0.39524179697036745,-0.07829950749874115,0.9152339100837708]},{"Name":"Left Arm","CFrame":[-0.48141002655029299,0.04623928666114807,-0.4000723958015442,-0.02488112449645996,0.0610954612493515,-0.9978219270706177,-0.5277290344238281,0.8469209671020508,0.06501501798629761,0.8490484952926636,0.528197169303894,0.011169493198394776]}]},{"Time":0.7991803288459778,"Poses":[{"Name":"HumanoidRootPart","CFrame":[0,0,0,1,0,0,0,1,0,0,0,1]},{"Name":"Torso","CFrame":[-0.0809893012046814,0,-0.23330235481262208,0.9947062134742737,-0,-0.10275957733392716,0,1,-0,0.10275957733392716,0,0.9947062134742737]},{"Name":"Head","CFrame":[6.891787052154541e-8,1.3322676295501879e-15,0.018294423818588258,0.9982568621635437,0,0.05901853367686272,0,1,0,-0.05901853367686272,0,0.9982568621635437]},{"Name":"Left Leg","CFrame":[-0.006772935390472412,0.5855727791786194,-0.1152205690741539,0.7584666609764099,0.48101991415023806,0.439713716506958,-0.622585117816925,0.7342474460601807,0.27068156003952029,-0.19265544414520265,-0.47906213998794558,0.8563780188560486]},{"Name":"Right Arm","CFrame":[0.3194354176521301,0.5445882081985474,-0.27929365634918215,-0.9226224422454834,-0.3419078588485718,0.1785135120153427,0.38247013092041018,-0.7511872053146362,0.5379912853240967,-0.04984641075134277,0.5646388530731201,0.8238314390182495]},{"Name":"Right Leg","CFrame":[0.37804535031318667,0.303419291973114,0.11150145530700684,0.9060423374176025,0.25634995102882388,-0.33670762181282046,-0.2075430154800415,0.9625607132911682,0.1743638515472412,0.36879971623420718,-0.08809969574213028,0.9253243803977966]},{"Name":"Left Arm","CFrame":[-0.4847053289413452,0.05859929323196411,-0.41298502683639529,-0.03530454635620117,0.066925048828125,-0.997133195400238,-0.5202628970146179,0.8506609201431274,0.07551465928554535,0.8532760739326477,0.521437406539917,0.004786431789398193]}]}]}
