{"Keyframes":[{"Time":0.06,"Poses":[{"Name":"HumanoidRootPart","CFrame":[0,0,0,1,0,0,0,1,0,0,0,1]},{"Name":"Torso","CFrame":[0,0,0,1,0,0,0,1,0,0,0,1]},{"Name":"Head","CFrame":[-0.001,-0.001,-0.001,0.773,-0.612,0.167,0.633,0.746,-0.202,-0.002,0.262,0.964]}]},{"Time":0.21,"Poses":[{"Name":"HumanoidRootPart","CFrame":[0,0,0,1,0,0,0,1,0,0,0,1]},{"Name":"Torso","CFrame":[-0.623,-5.849,-0.404,-0.522,-0.847,0.106,0.848,-0.503,0.163,-0.085,0.175,0.98]},{"Name":"Head","CFrame":[-0.001,-0.001,-0.001,0.784,-0.603,0.149,0.62,0.759,-0.194,0.003,0.244,0.969]},{"Name":"Left Leg","CFrame":[0.348,-0.049,0.118,0.817,-0.432,0.38,0.38,0.901,0.204,-0.432,-0.023,0.901]},{"Name":"Right Arm","CFrame":[-0.407,-0.473,-0.419,0.675,0.523,-0.52,0.136,0.604,0.784,0.724,-0.601,0.336]},{"Name":"Left Arm","CFrame":[-0.454,-0.04,0.335,0.635,0.702,0.319,-0.277,-0.18,0.944,0.721,-0.689,0.079]},{"Name":"Right Leg","CFrame":[0.752,0.296,-0.089,0.869,-0.42,0.26,0.374,0.903,0.205,-0.322,-0.082,0.943]},{"Name":"primary","CFrame":[1.991,-3.485,-5.707,-0.153,-0.147,-0.978,-0.469,0.881,-0.06,0.869,0.449,-0.204]}]},{"Time":0.48,"Poses":[{"Name":"HumanoidRootPart","CFrame":[0,0,0,1,0,0,0,1,0,0,0,1]},{"Name":"Torso","CFrame":[-0.563,-5.867,-0.394,-0.534,-0.827,0.179,0.845,-0.511,0.157,-0.04,0.235,0.971]},{"Name":"Head","CFrame":[-0.001,-0.001,-0.001,0.684,-0.681,0.26,0.721,0.682,-0.116,-0.099,0.266,0.958]},{"Name":"Left Leg","CFrame":[0.335,-0.066,0.123,0.849,-0.345,0.399,0.304,0.938,0.161,-0.431,-0.016,0.902]},{"Name":"Right Leg","CFrame":[0.729,0.34,-0.096,0.846,-0.478,0.236,0.422,0.871,0.247,-0.325,-0.11,0.939]}]},{"Time":0.69,"Poses":[{"Name":"HumanoidRootPart","CFrame":[0,0,0,1,0,0,0,1,0,0,0,1]},{"Name":"Torso","CFrame":[-0.563,-5.748,-0.377,-0.532,-0.831,0.166,0.845,-0.509,0.161,-0.05,0.226,0.972]},{"Name":"Head","CFrame":[-0.001,-0.001,-0.001,0.608,-0.759,0.235,0.775,0.63,0.028,-0.171,0.165,0.971]},{"Name":"Left Leg","CFrame":[0.377,-0.174,0.119,0.836,-0.368,0.406,0.341,0.929,0.139,-0.429,0.021,0.903]},{"Name":"Right Arm","CFrame":[-0.7,-0.542,-0.714,0.719,0.492,-0.49,0.397,0.286,0.871,0.569,-0.822,0.01]},{"Name":"Left Arm","CFrame":[-0.114,-0.225,0.046,0.237,0.767,0.595,-0.673,-0.313,0.671,0.701,-0.56,0.441]},{"Name":"Right Leg","CFrame":[0.735,0.328,-0.093,0.877,-0.426,0.223,0.361,0.89,0.276,-0.317,-0.162,0.934]},{"Name":"primary","CFrame":[2.063,-2.945,-5.956,-0.943,-0.32,-0.097,-0.216,0.36,0.907,-0.255,0.876,-0.409]}]},{"Time":0.83,"Poses":[{"Name":"HumanoidRootPart","CFrame":[0,0,0,1,0,0,0,1,0,0,0,1]},{"Name":"Torso","CFrame":[-0.462,-5.164,-0.208,-0.808,-0.572,0.144,0.588,-0.8,0.122,0.045,0.183,0.981]},{"Name":"Head","CFrame":[-0.001,-0.001,-0.001,0.883,-0.451,0.128,0.466,0.87,-0.157,-0.042,0.198,0.979]},{"Name":"Left Leg","CFrame":[0.27,0.001,0.093,0.836,-0.323,0.443,0.347,0.937,0.025,-0.424,0.132,0.895]},{"Name":"Right Arm","CFrame":[-0.385,-0.344,-0.083,0.735,-0.068,-0.675,0.667,-0.095,0.738,-0.114,-0.994,-0.025]},{"Name":"Left Arm","CFrame":[0.533,-0.276,-0.488,0.256,-0.797,0.547,-0.107,0.539,0.835,-0.961,-0.273,0.053]},{"Name":"Right Leg","CFrame":[0.379,0.048,-0.026,0.979,0.087,0.183,-0.133,0.957,0.254,-0.154,-0.274,0.949]},{"Name":"primary","CFrame":[-0.206,-2.128,-5.252,-0.676,0.347,-0.65,-0.62,0.209,0.756,0.398,0.914,0.074]}]},{"Time":1.01,"Poses":[{"Name":"HumanoidRootPart","CFrame":[0,0,0,1,0,0,0,1,0,0,0,1]},{"Name":"Torso","CFrame":[-0.462,-4.136,-0.642,-0.83,-0.551,0.09,0.515,-0.694,0.502,-0.215,0.463,0.859]},{"Name":"Head","CFrame":[-0.001,-0.001,-0.001,0.816,-0.57,-0.092,0.576,0.805,0.137,-0.005,-0.166,0.986]},{"Name":"Left Leg","CFrame":[-0.132,0.905,0.223,0.827,0.342,0.444,-0.389,0.921,0.012,-0.406,-0.184,0.895]},{"Name":"Right Arm","CFrame":[-1.029,-0.799,-0.591,0.308,-0.62,-0.723,0.88,-0.102,0.462,-0.361,-0.779,0.513]},{"Name":"Left Arm","CFrame":[0.304,-0.44,-0.073,0.754,0.067,0.653,-0.655,-0.001,0.755,0.051,-0.998,0.044]},{"Name":"Right Leg","CFrame":[0.274,-0.207,0.126,0.982,0.165,0.086,-0.169,0.985,0.03,-0.081,-0.046,0.995]},{"Name":"primary","CFrame":[0.299,-1.909,-3.957,-0.603,0.774,-0.192,-0.692,-0.388,0.609,0.397,0.499,0.769]}]},{"Time":1.11,"Poses":[{"Name":"HumanoidRootPart","CFrame":[0,0,0,1,0,0,0,1,0,0,0,1]},{"Name":"Torso","CFrame":[-0.268,0.064,-1.231,-0.596,0.469,-0.653,-0.803,-0.376,0.462,-0.028,0.799,0.6]},{"Name":"Head","CFrame":[0,-0.001,-0.001,0.756,0.653,-0.01,-0.495,0.581,0.646,0.427,-0.485,0.762]},{"Name":"Left Leg","CFrame":[-0.734,1.605,-0.172,-0.014,0.902,-0.43,-0.811,0.241,0.534,0.586,0.355,0.728]},{"Name":"Right Arm","CFrame":[0.496,0.662,0.31,-0.201,-0.364,-0.91,0.841,-0.54,0.029,-0.502,-0.76,0.414]},{"Name":"Left Arm","CFrame":[-0.832,0.696,-2.464,-0.935,0.164,0.316,0.203,-0.484,0.851,0.293,0.859,0.417]},{"Name":"Right Leg","CFrame":[0.047,-0.564,-0.32,0.972,-0.06,-0.226,-0.127,0.677,-0.725,0.196,0.733,0.65]},{"Name":"primary","CFrame":[1.472,2.046,3.832,-0.998,-0.076,-0.009,0.053,-0.778,0.626,-0.055,0.624,0.779]}]},{"Time":1.68,"Poses":[{"Name":"HumanoidRootPart","CFrame":[0,0,0,1,0,0,0,1,0,0,0,1]},{"Name":"Torso","CFrame":[-0.268,2.369,-1.127,-0.765,0.361,-0.534,-0.642,-0.507,0.576,-0.063,0.782,0.619]},{"Name":"Head","CFrame":[0,-0.001,-0.001,0.748,0.652,-0.118,-0.49,0.663,0.565,0.447,-0.367,0.816]},{"Name":"Left Leg","CFrame":[-0.703,1.858,-0.447,0.444,0.834,-0.326,-0.604,0.547,0.579,0.661,-0.061,0.747]},{"Name":"Right Arm","CFrame":[0.8,0.845,0.195,0.084,-0.464,-0.883,0.67,-0.629,0.393,-0.738,-0.625,0.257]},{"Name":"Left Arm","CFrame":[-1.052,0.888,-2.137,-0.995,0.101,0.025,-0.035,-0.544,0.838,0.099,0.833,0.544]},{"Name":"Right Leg","CFrame":[-0.075,-0.386,-0.04,0.948,-0.139,-0.284,-0.064,0.797,-0.6,0.309,0.587,0.748]},{"Name":"primary","CFrame":[1.436,3.275,5.737,-1,0.009,-0.008,-0.012,-0.833,0.553,-0.001,0.553,0.832]}]},{"Time":1.79,"Poses":[{"Name":"HumanoidRootPart","CFrame":[0,0,0,1,0,0,0,1,0,0,0,1]},{"Name":"Torso","CFrame":[-0.268,3.25,-0.546,-0.303,0.912,-0.275,-0.851,-0.389,-0.354,-0.43,0.126,0.894]},{"Name":"Head","CFrame":[0,-0.001,-0.001,0.735,0.444,-0.512,-0.574,0.81,-0.12,0.361,0.38,0.85]},{"Name":"Left Leg","CFrame":[-0.584,0.832,-0.02,0.919,0.254,-0.3,-0.023,0.793,0.608,0.392,-0.553,0.735]},{"Name":"Right Arm","CFrame":[-0.728,-0.257,-0.794,0.498,-0.419,-0.76,0.856,0.102,0.505,-0.134,-0.903,0.409]},{"Name":"Left Arm","CFrame":[0.344,-0.213,-0.019,0.083,0.991,0.095,-0.553,-0.034,0.832,0.829,-0.123,0.545]},{"Name":"Right Leg","CFrame":[-0.161,0.948,0.32,-0.123,-0.603,-0.789,0.963,-0.264,0.052,-0.24,-0.754,0.612]},{"Name":"primary","CFrame":[1.552,3.887,5.455,-0.979,-0.179,-0.103,0.158,-0.971,0.179,-0.132,0.159,0.978]}]},{"Time":2.01,"Poses":[{"Name":"HumanoidRootPart","CFrame":[0,0,0,1,0,0,0,1,0,0,0,1]},{"Name":"Torso","CFrame":[-0.268,7.096,0.205,0.93,-0.366,-0.004,0.34,0.868,-0.361,0.135,0.334,0.932]},{"Name":"Head","CFrame":[0,-0.001,-0.001,0.96,0.242,-0.136,-0.197,0.938,0.283,0.195,-0.247,0.949]},{"Name":"Left Leg","CFrame":[-0.883,0.857,0.024,0.961,-0.224,-0.162,0.206,0.971,-0.116,0.182,0.077,0.98]},{"Name":"Right Arm","CFrame":[-0.076,-0.029,0.274,0.598,-0.276,-0.753,0.557,-0.531,0.638,-0.576,-0.802,-0.164]},{"Name":"Left Arm","CFrame":[0.701,-0.505,-0.342,0.867,0.101,0.487,-0.497,0.104,0.861,0.036,-0.99,0.141]},{"Name":"Right Leg","CFrame":[0.14,0.351,0.301,0.832,-0.272,-0.483,0.25,0.961,-0.109,0.493,-0.031,0.869]}]},{"Time":2.25,"Poses":[{"Name":"HumanoidRootPart","CFrame":[0,0,0,1,0,0,0,1,0,0,0,1]},{"Name":"Torso","CFrame":[-0.268,9.798,-0.448,-0.23,-0.899,0.375,0.952,-0.287,-0.103,0.199,0.333,0.921]},{"Name":"Head","CFrame":[0,-0.001,-0.001,0.686,0.727,0.017,-0.715,0.678,-0.169,-0.135,0.103,0.985]},{"Name":"Left Leg","CFrame":[-0.327,0.061,0.217,0.905,0.421,0.047,-0.415,0.853,0.315,0.091,-0.306,0.947]},{"Name":"Right Arm","CFrame":[0.627,-0.074,-0.095,0.073,-0.988,-0.142,0.441,-0.096,0.892,-0.895,-0.128,0.429]},{"Name":"Left Arm","CFrame":[0.831,-0.906,-0.317,0.646,0.505,0.571,-0.582,-0.158,0.797,0.493,-0.849,0.191]},{"Name":"Right Leg","CFrame":[0.076,0.424,0.184,0.63,-0.155,-0.761,0.523,0.808,0.269,0.573,-0.569,0.59]}]},{"Time":2.61,"Poses":[{"Name":"HumanoidRootPart","CFrame":[0,0,0,1,0,0,0,1,0,0,0,1]},{"Name":"Torso","CFrame":[-0.268,9.08,-0.824,0.765,-0.485,0.423,0.643,0.568,-0.513,0.007,0.664,0.747]},{"Name":"Head","CFrame":[0,-0.001,-0.001,0.771,0.57,-0.282,-0.492,0.815,0.307,0.404,-0.099,0.908]},{"Name":"Left Leg","CFrame":[0.072,0.118,0.178,0.913,0.033,0.404,-0.17,0.936,0.305,-0.369,-0.349,0.861]},{"Name":"Left Arm","CFrame":[0.039,-0.231,0.217,-0.58,0.587,0.564,-0.054,-0.719,0.693,0.812,0.372,0.447]},{"Name":"Right Leg","CFrame":[0.284,0.914,0.234,0.677,-0.722,-0.143,0.729,0.636,0.249,-0.089,-0.274,0.957]}]},{"Time":2.71,"Poses":[{"Name":"HumanoidRootPart","CFrame":[0,0,0,1,0,0,0,1,0,0,0,1]},{"Name":"Torso","CFrame":[-0.471,8.727,-1.237,0.858,0.358,-0.366,-0.505,0.467,-0.727,-0.09,0.808,0.582]},{"Name":"Head","CFrame":[0,-0.001,-0.001,0.941,-0.302,0.149,0.249,0.923,0.291,-0.227,-0.238,0.944]},{"Name":"Left Leg","CFrame":[0.062,-0.167,0,0.916,0.009,0.399,0.166,0.899,-0.404,-0.364,0.436,0.822]},{"Name":"Right Arm","CFrame":[-0.7,-0.674,-0.362,0.281,-0.399,-0.873,0.881,-0.252,0.399,-0.379,-0.882,0.28]},{"Name":"Left Arm","CFrame":[-0.679,0.797,0.045,-0.179,0.42,0.889,-0.563,-0.786,0.257,0.807,-0.455,0.376]},{"Name":"Right Leg","CFrame":[0.382,1.498,-0.099,0.435,-0.858,0.274,0.857,0.488,0.164,-0.275,0.163,0.947]},{"Name":"primary","CFrame":[1.421,19.667,-4.294,-0.999,0.049,-0.015,-0.012,0.055,0.998,0.049,0.997,-0.056]}]},{"Time":3.13,"Poses":[{"Name":"HumanoidRootPart","CFrame":[0,0,0,1,0,0,0,1,0,0,0,1]},{"Name":"Torso","CFrame":[-0.471,8.966,-1.146,0.878,0.319,-0.356,-0.478,0.556,-0.68,-0.02,0.767,0.641]},{"Name":"Head","CFrame":[0,-0.001,-0.001,0.895,-0.422,0.142,0.387,0.896,0.216,-0.219,-0.139,0.965]},{"Name":"Left Leg","CFrame":[0.087,-0.118,0.022,0.924,0.008,0.38,0.149,0.912,-0.382,-0.351,0.409,0.842]},{"Name":"Right Arm","CFrame":[-0.649,-0.687,-0.528,0.393,-0.63,-0.671,0.737,-0.219,0.638,-0.549,-0.746,0.378]},{"Name":"Left Arm","CFrame":[-0.875,0.705,-0.241,-0.166,0.664,0.728,-0.517,-0.688,0.51,0.84,-0.293,0.456]},{"Name":"Right Leg","CFrame":[0.502,1.434,-0.118,0.431,-0.875,0.223,0.859,0.473,0.194,-0.276,0.107,0.955]}]},{"Time":3.51,"Poses":[{"Name":"HumanoidRootPart","CFrame":[0,0,0,1,0,0,0,1,0,0,0,1]},{"Name":"Torso","CFrame":[-0.471,8.316,-0.745,0.273,0.703,-0.656,-0.957,0.125,-0.265,-0.105,0.699,0.706]},{"Name":"Head","CFrame":[0,-0.001,-0.001,0.858,-0.513,-0.029,0.512,0.85,0.12,-0.038,-0.118,0.992]},{"Name":"Left Arm","CFrame":[-0.516,0.567,-0.527,-0.78,0.334,0.529,0.275,-0.576,0.769,0.562,0.746,0.356]},{"Name":"Right Leg","CFrame":[0.455,0.713,-0.022,0.636,-0.771,0.015,0.77,0.637,0.006,-0.015,0.007,0.999]}]},{"Time":3.88,"Poses":[{"Name":"HumanoidRootPart","CFrame":[0,0,0,1,0,0,0,1,0,0,0,1]},{"Name":"Torso","CFrame":[-0.471,8.161,-0.29,0.29,0.943,-0.159,-0.956,0.277,-0.097,-0.047,0.179,0.982]},{"Name":"Head","CFrame":[0,-0.001,-0.001,0.64,-0.767,0.042,0.725,0.622,0.294,-0.253,-0.158,0.954]},{"Name":"Left Leg","CFrame":[-0.028,0.187,0.145,0.894,0.252,0.368,-0.311,0.944,0.105,-0.322,-0.21,0.923]},{"Name":"Right Arm","CFrame":[-0.06,-0.286,-0.263,0.938,0.024,-0.344,0.069,0.963,0.258,0.337,-0.267,0.902]},{"Name":"Left Arm","CFrame":[-0.143,0.568,0.377,-0.924,0.255,0.287,-0.347,-0.229,-0.91,-0.168,-0.94,0.299]},{"Name":"Right Leg","CFrame":[0.018,0.197,0.141,0.944,-0.072,-0.32,0.115,0.986,0.119,0.306,-0.15,0.939]}]},{"Time":4.43,"Poses":[{"Name":"HumanoidRootPart","CFrame":[0,0,0,1,0,0,0,1,0,0,0,1]},{"Name":"Torso","CFrame":[-0.471,8.265,-0.281,0.19,0.96,-0.203,-0.982,0.181,-0.06,-0.021,0.21,0.977]},{"Name":"Head","CFrame":[0,-0.001,-0.001,0.559,-0.814,0.159,0.811,0.576,0.092,-0.168,0.077,0.982]},{"Name":"Left Leg","CFrame":[0.009,0.154,0.174,0.911,0.282,0.3,-0.332,0.934,0.127,-0.245,-0.216,0.945]},{"Name":"Right Arm","CFrame":[0.015,-0.115,-0.175,0.964,-0.243,0.104,0.217,0.954,0.204,-0.15,-0.175,0.973]},{"Name":"Left Arm","CFrame":[-0.316,0.439,0.347,-0.721,0.156,0.676,-0.692,-0.233,-0.684,0.05,-0.96,0.275]},{"Name":"Right Leg","CFrame":[-0.066,0.14,0.125,0.871,-0.061,-0.488,0.124,0.987,0.1,0.474,-0.149,0.867]},{"Name":"primary","CFrame":[1.399,4.028,5.347,-0.696,0.102,-0.712,-0.592,0.48,0.647,0.408,0.87,-0.274]}]},{"Time":4.66,"Poses":[{"Name":"HumanoidRootPart","CFrame":[0,0,0,1,0,0,0,1,0,0,0,1]},{"Name":"Torso","CFrame":[-0.471,8.291,-0.281,0.056,0.979,-0.193,-0.998,0.046,-0.058,-0.048,0.194,0.979]},{"Name":"Head","CFrame":[0,-0.001,-0.001,0.585,-0.801,0.131,0.81,0.576,-0.102,0.005,0.165,0.986]},{"Name":"Left Leg","CFrame":[0.033,0.21,0.21,0.928,0.201,0.312,-0.269,0.944,0.187,-0.258,-0.258,0.931]},{"Name":"Right Arm","CFrame":[-0.102,-0.126,-0.104,0.964,-0.037,-0.262,0.074,0.987,0.139,0.253,-0.154,0.954]},{"Name":"Left Arm","CFrame":[-0.857,-0.138,0.082,0.352,0.758,0.548,-0.802,-0.059,0.595,0.483,-0.65,0.587]},{"Name":"Right Leg","CFrame":[-0.07,0.113,0.124,0.866,-0.124,-0.485,0.171,0.983,0.055,0.469,-0.131,0.873]},{"Name":"primary","CFrame":[3.012,4.174,5.892,0.92,0.122,0.371,0.389,-0.212,-0.897,-0.031,0.969,-0.243]}]},{"Time":5.19,"Poses":[{"Name":"HumanoidRootPart","CFrame":[0,0,0,1,0,0,0,1,0,0,0,1]},{"Name":"Torso","CFrame":[-0.471,8.283,-0.307,0.217,0.968,-0.117,-0.976,0.216,-0.024,0.002,0.119,0.992]},{"Name":"Head","CFrame":[0,-0.001,-0.001,0.589,-0.795,0.144,0.806,0.589,-0.047,-0.049,0.143,0.988]},{"Name":"Left Leg","CFrame":[-0.021,0.19,0.176,0.94,0.144,0.308,-0.195,0.971,0.138,-0.28,-0.191,0.941]},{"Name":"Right Leg","CFrame":[-0.104,0.144,0.09,0.872,0.083,-0.481,0.018,0.978,0.204,0.487,-0.188,0.852]},{"Name":"primary","CFrame":[3.006,4.03,6.08,0.495,-0.025,0.868,0.703,0.597,-0.385,-0.509,0.801,0.313]}]},{"Time":5.55,"Poses":[{"Name":"HumanoidRootPart","CFrame":[0,0,0,1,0,0,0,1,0,0,0,1]},{"Name":"Torso","CFrame":[-0.471,8.229,-0.269,0.125,0.985,-0.117,-0.993,0.123,-0.025,-0.011,0.118,0.992]},{"Name":"Head","CFrame":[0,-0.001,-0.001,0.399,-0.895,0.201,0.913,0.406,-0.005,-0.078,0.186,0.979]},{"Name":"Left Leg","CFrame":[-0.089,0.228,0.188,0.95,0.045,0.307,-0.094,0.985,0.142,-0.297,-0.165,0.94]},{"Name":"Right Leg","CFrame":[-0.087,0.128,0.129,0.868,0.038,-0.495,0.056,0.982,0.175,0.493,-0.181,0.851]},{"Name":"primary","CFrame":[-0.547,4.462,6.762,0.479,0.862,-0.162,0.363,-0.363,-0.859,-0.8,0.352,-0.488]}]},{"Time":5.93,"Poses":[{"Name":"HumanoidRootPart","CFrame":[0,0,0,1,0,0,0,1,0,0,0,1]},{"Name":"Torso","CFrame":[-0.465,8.24,-0.374,0.374,0.881,-0.289,-0.927,0.342,-0.155,-0.038,0.325,0.944]},{"Name":"Head","CFrame":[0,-0.001,-0.001,0.765,-0.64,0.066,0.639,0.746,-0.184,0.067,0.183,0.98]},{"Name":"Left Leg","CFrame":[-0.141,0.29,0.197,0.855,0.443,0.269,-0.475,0.878,0.061,-0.21,-0.181,0.961]},{"Name":"Right Arm","CFrame":[-0.357,-0.331,-0.248,0.864,-0.363,0.349,0.301,0.928,0.219,-0.404,-0.085,0.911]},{"Name":"Left Arm","CFrame":[0.485,-0.157,0.348,0.027,0.423,-0.906,-0.428,0.823,0.372,0.903,0.376,0.203]},{"Name":"Right Leg","CFrame":[-0.077,0.068,0.122,0.817,-0.12,-0.564,0.152,0.988,0.012,0.555,-0.097,0.825]},{"Name":"primary","CFrame":[1.928,3.657,7.244,0.48,-0.208,-0.852,0.507,0.858,0.077,0.715,-0.47,0.518]}]},{"Time":6.28,"Poses":[{"Name":"HumanoidRootPart","CFrame":[0,0,0,1,0,0,0,1,0,0,0,1]},{"Name":"Torso","CFrame":[-0.378,8.047,-0.434,0.38,0.881,-0.281,-0.92,0.328,-0.217,-0.1,0.339,0.935]},{"Name":"Head","CFrame":[0,-0.001,-0.001,0.859,-0.511,0.021,0.497,0.827,-0.26,0.114,0.233,0.965]},{"Name":"Left Leg","CFrame":[-0.054,0.523,0.15,0.834,0.424,0.351,-0.474,0.878,0.063,-0.283,-0.22,0.933]},{"Name":"Right Arm","CFrame":[-0.149,-0.163,-0.252,0.962,-0.227,0.15,0.215,0.972,0.089,-0.167,-0.055,0.984]},{"Name":"Left Arm","CFrame":[0.499,0.067,0.067,0.575,0.563,-0.593,-0.431,0.824,0.366,0.695,0.043,0.717]},{"Name":"Right Leg","CFrame":[0.035,0.089,0.098,0.945,-0.112,-0.308,0.153,0.981,0.114,0.288,-0.156,0.944]}]},{"Time":6.78,"Poses":[{"Name":"HumanoidRootPart","CFrame":[0,0,0,1,0,0,0,1,0,0,0,1]},{"Name":"Torso","CFrame":[-0.033,6.387,-0.374,0.996,0.076,0.015,-0.072,0.977,-0.198,-0.03,0.195,0.98]},{"Name":"Head","CFrame":[0,-0.001,-0.001,0.973,-0.03,-0.228,-0.023,0.974,-0.222,0.228,0.22,0.948]},{"Name":"Left Leg","CFrame":[0.21,0.262,0.116,0.886,0.019,0.461,-0.126,0.971,0.199,-0.445,-0.236,0.864]},{"Name":"Right Arm","CFrame":[-0.006,-0.096,-0.259,0.965,-0.041,-0.259,0.063,0.994,0.08,0.253,-0.094,0.962]},{"Name":"Right Leg","CFrame":[0.166,0.322,0.021,0.875,-0.481,0.042,0.481,0.876,-0.006,-0.035,0.024,0.999]},{"Name":"primary","CFrame":[0.185,2.791,5.766,0.993,-0.02,-0.113,0.035,0.989,0.138,0.108,-0.142,0.983]}]},{"Time":6.91,"Poses":[{"Name":"HumanoidRootPart","CFrame":[0,0,0,1,0,0,0,1,0,0,0,1]},{"Name":"Torso","CFrame":[0.016,5.93,-0.294,0.999,0.005,-0.043,-0.011,0.992,-0.123,0.041,0.123,0.991]},{"Name":"Head","CFrame":[0,-0.001,-0.001,0.969,0.019,-0.243,-0.11,0.925,-0.363,0.217,0.377,0.899]},{"Name":"Left Leg","CFrame":[0.296,0.19,0.083,0.871,-0.219,0.438,0.131,0.966,0.22,-0.473,-0.135,0.871]},{"Name":"Right Arm","CFrame":[0.033,-0.136,-0.246,0.871,0.087,-0.483,-0.037,0.992,0.112,0.488,-0.081,0.868]},{"Name":"Left Arm","CFrame":[0.156,0.034,-0.087,0.839,0.281,-0.464,-0.275,0.957,0.083,0.467,0.057,0.881]},{"Name":"Right Leg","CFrame":[0.293,0.324,0.012,0.956,-0.274,-0.105,0.276,0.96,0.016,0.095,-0.046,0.994]},{"Name":"primary","CFrame":[-0.025,2.623,5.394,0.999,0.035,-0.027,-0.032,0.991,0.123,0.03,-0.123,0.992]}]},{"Time":6.96,"Poses":[{"Name":"HumanoidRootPart","CFrame":[0,0,0,1,0,0,0,1,0,0,0,1]},{"Name":"Torso","CFrame":[-0.053,5.753,-0.244,0.998,-0.021,-0.055,0.013,0.991,-0.126,0.056,0.124,0.99]},{"Name":"Head","CFrame":[0,0,-0.001,0.975,0.033,-0.22,-0.113,0.926,-0.359,0.191,0.374,0.907]},{"Name":"Left Leg","CFrame":[0.125,0.217,0.081,0.917,-0.234,0.321,0.168,0.961,0.217,-0.361,-0.145,0.921]},{"Name":"Right Arm","CFrame":[0.046,-0.136,-0.255,0.902,0.064,-0.425,-0.017,0.993,0.115,0.429,-0.097,0.897]},{"Name":"Left Arm","CFrame":[0.157,0.05,-0.057,0.825,0.29,-0.485,-0.284,0.954,0.09,0.488,0.062,0.87]},{"Name":"Right Leg","CFrame":[0.225,0.307,0.004,0.968,-0.212,-0.131,0.216,0.975,0.023,0.122,-0.051,0.991]},{"Name":"primary","CFrame":[0.004,2.606,5.231,0.997,0.064,-0.012,-0.063,0.99,0.124,0.019,-0.124,0.992]}]},{"Time":7.01,"Poses":[{"Name":"HumanoidRootPart","CFrame":[0,0,0,1,0,0,0,1,0,0,0,1]},{"Name":"Torso","CFrame":[-0.121,5.575,-0.195,0.996,-0.047,-0.068,0.037,0.99,-0.129,0.072,0.125,0.989]},{"Name":"Head","CFrame":[0,-0.001,0,0.979,0.047,-0.196,-0.116,0.927,-0.356,0.164,0.37,0.914]},{"Name":"Left Leg","CFrame":[-0.047,0.244,0.078,0.948,-0.249,0.197,0.206,0.955,0.209,-0.241,-0.158,0.957]},{"Name":"Right Arm","CFrame":[0.058,-0.137,-0.264,0.93,0.04,-0.365,0.003,0.992,0.118,0.367,-0.112,0.923]},{"Name":"Left Arm","CFrame":[0.159,0.066,-0.026,0.809,0.3,-0.505,-0.292,0.951,0.097,0.509,0.068,0.857]},{"Name":"Right Leg","CFrame":[0.158,0.291,-0.004,0.976,-0.149,-0.156,0.155,0.987,0.031,0.149,-0.056,0.987]},{"Name":"primary","CFrame":[0.035,2.589,5.069,0.995,0.093,0.002,-0.094,0.987,0.125,0.009,-0.126,0.992]}]},{"Time":7.06,"Poses":[{"Name":"HumanoidRootPart","CFrame":[0,0,0,1,0,0,0,1,0,0,0,1]},{"Name":"Torso","CFrame":[-0.098,5.398,-0.168,0.996,-0.052,-0.059,0.043,0.99,-0.128,0.064,0.124,0.99]},{"Name":"Head","CFrame":[0,0,0,0.983,0.06,-0.172,-0.119,0.928,-0.352,0.137,0.366,0.92]},{"Name":"Left Leg","CFrame":[-0.1,0.278,0.058,0.97,-0.151,0.188,0.115,0.975,0.184,-0.212,-0.158,0.964]},{"Name":"Right Arm","CFrame":[0.071,-0.137,-0.273,0.952,0.015,-0.303,0.022,0.992,0.123,0.302,-0.126,0.944]},{"Name":"Left Arm","CFrame":[0.158,0.069,-0.054,0.809,0.296,-0.507,-0.285,0.953,0.102,0.513,0.061,0.856]},{"Name":"Right Leg","CFrame":[0.09,0.274,-0.012,0.979,-0.085,-0.182,0.093,0.994,0.041,0.176,-0.058,0.982]},{"Name":"primary","CFrame":[0.01,2.522,4.911,0.995,0.094,0.009,-0.095,0.987,0.123,0.002,-0.125,0.992]}]},{"Time":7.11,"Poses":[{"Name":"HumanoidRootPart","CFrame":[0,0,0,1,0,0,0,1,0,0,0,1]},{"Name":"Torso","CFrame":[-0.075,5.22,-0.141,0.997,-0.057,-0.051,0.05,0.99,-0.127,0.057,0.123,0.99]},{"Name":"Head","CFrame":[0,0,0,0.986,0.074,-0.148,-0.123,0.929,-0.3
