{"Keyframes":[{"Time":0,"Poses":[{"Name":"HumanoidRootPart","CFrame":[0,0,0,1,0,0,0,1,0,0,0,1]},{"Name":"Torso","CFrame":[4.440892098500626e-16,0.0050164381973445419,-0.060244567692279819,1,0,-8.742277657347586e-8,4.3855086229172e-10,0.9999874234199524,0.005016437266021967,8.742167523223543e-8,-0.005016437266021967,0.9999874234199524]},{"Name":"Head","CFrame":[8.742281920604e-8,0,0,1,4.3855086229172e-10,-1.1013412404281553e-12,-4.3855086229172e-10,0.9999874234199524,-0.005016437266021967,-1.1013412404281553e-12,0.005016437266021967,0.9999874234199524]},{"Name":"Left Leg","CFrame":[-0.21792234480381013,0.05252087116241455,0.042573511600494388,0.9859177470207214,-0.1375899463891983,0.09505388885736466,0.13603274524211884,0.9904442429542542,0.02270401641726494,-0.09726940095424652,-0.009453858248889447,0.9952132105827332]},{"Name":"Right Arm","CFrame":[-0.2354670614004135,-0.21305876970291139,-0.04267483949661255,0.7274307608604431,-0.6165170669555664,-0.301249235868454,0.6658162474632263,0.7403457760810852,0.09261243045330048,0.16593152284622193,-0.267945796251297,0.9490373134613037]},{"Name":"Right Leg","CFrame":[0.2211911678314209,0.04368853569030762,0.02714848518371582,0.9861255884170532,0.13838286697864533,-0.09168766438961029,-0.13847261667251588,0.9903514981269836,0.005412550177425146,0.09155202656984329,0.00735878013074398,0.9957731366157532]},{"Name":"Left Arm","CFrame":[0.2237021028995514,-0.13396039605140687,-0.06132519245147705,0.869682252407074,0.38023608922958376,0.31475892663002016,-0.4150148332118988,0.9084821939468384,0.049223002046346667,-0.267236590385437,-0.17343805730342866,0.9478945136070252]}]},{"Time":0.029999999329447748,"Poses":[{"Name":"HumanoidRootPart","CFrame":[0,0,0,1,0,0,0,1,0,0,0,1]},{"Name":"Torso","CFrame":[0.007656893227249384,0.016325531527400018,0.002014875877648592,0.9999986290931702,-0.00014655498671345413,0.0016481621423736215,0.0001205270818900317,0.9998754858970642,0.015781108289957048,-0.0016502697253599763,-0.015780888497829438,0.9998741149902344]},{"Name":"Head","CFrame":[8.655479177832604e-8,-3.725290298461914e-9,3.5762786865234377e-7,0.9999986290931702,0.00012052707461407408,-0.0016503571532666684,-0.00014655638369731605,0.9998754858970642,-0.015780886635184289,0.0016482496866956354,0.015781108289957048,0.9998741149902344]},{"Name":"Left Leg","CFrame":[0.051678646355867389,0.01121753454208374,0.017122507095336915,0.9953739047050476,-0.013418812304735184,0.09513606131076813,0.011374912224709988,0.9996933937072754,0.02199391834437847,-0.09540199488401413,-0.02081000618636608,0.9952213764190674]},{"Name":"Right Arm","CFrame":[-0.16407090425491334,-0.21365678310394288,-0.02098923921585083,0.8185068368911743,-0.4870613217353821,-0.30466005206108096,0.5377152562141419,0.8362079858779907,0.10778918862342835,0.20225919783115388,-0.2520465552806854,0.9463423490524292]},{"Name":"Right Leg","CFrame":[-0.05373547971248627,0.003515303134918213,0.003423154354095459,0.9949806332588196,0.013467633165419102,-0.09915685653686524,-0.012839153409004212,0.999893307685852,0.006973704788833857,0.09924019873142243,-0.005665610544383526,0.995047390460968]},{"Name":"Left Arm","CFrame":[0.23276343941688538,-0.1378704011440277,-0.06469225883483887,0.9014456868171692,0.3018476068973541,0.31029629707336428,-0.3313911259174347,0.9423707127571106,0.046016450971364978,-0.2785241901874542,-0.14431078732013703,0.9495254755020142]}]},{"Time":0.07000000029802323,"Poses":[{"Name":"HumanoidRootPart","CFrame":[0,0,0,1,0,0,0,1,0,0,0,1]},{"Name":"Torso","CFrame":[0.024036884307861329,0.04263535514473915,0.15518099069595338,0.9999865889549255,-0.0005197608843445778,0.005170387215912342,0.00031870839302428067,0.9992465376853943,0.03881048783659935,-0.0051866634748876099,-0.03880831226706505,0.9992333054542542]},{"Name":"Head","CFrame":[8.777715265750885e-8,-1.862645149230957e-8,3.5762786865234377e-7,0.999986469745636,0.00031870839302428067,-0.005186751019209623,-0.0005197642603889108,0.9992465376853943,-0.03880831599235535,0.005170474294573069,0.03881048783659935,0.9992333054542542]},{"Name":"Left Leg","CFrame":[0.0734054446220398,0.011611998081207276,0.015170753002166748,0.9947488307952881,-0.0375048853456974,0.09522712230682373,0.03554980456829071,0.9991226196289063,0.02214476466178894,-0.09597412496805191,-0.01864316686987877,0.9952093362808228]},{"Name":"Right Arm","CFrame":[-0.01647145301103592,-0.1988714337348938,0.024840056896209718,0.938552737236023,-0.1651650220155716,-0.30305004119873049,0.21415315568447114,0.967277467250824,0.13606193661689759,0.2706608772277832,-0.19260048866271974,0.9432114958763123]},{"Name":"Right Leg","CFrame":[-0.08725659549236298,0.00797116756439209,0.00664210319519043,0.9931684136390686,0.04624515771865845,-0.10713544487953186,-0.044938284903764728,0.9988834261894226,0.01458145584911108,0.10769014060497284,-0.009667351841926575,0.9941375255584717]},{"Name":"Left Arm","CFrame":[0.2531311511993408,-0.14323541522026063,-0.07224947214126587,0.9453427195549011,0.12562620639801026,0.3009073734283447,-0.14345811307430268,0.9889334440231323,0.0378226563334465,-0.29282596707344057,-0.07892300188541413,0.9529030919075012]}]},{"Time":0.07999999821186066,"Poses":[{"Name":"HumanoidRootPart","CFrame":[0,0,0,1,0,0,0,1,0,0,0,1]},{"Name":"Torso","CFrame":[0.03169041872024536,0.06045597791671753,0.2797566056251526,0.9999765157699585,-0.0007220025872811675,0.006815285421907902,0.0003833197115454823,0.9987708926200867,0.04956571012735367,-0.006842693313956261,-0.04956193268299103,0.998747706413269]},{"Name":"Head","CFrame":[8.195638656616211e-8,-3.166496753692627e-8,4.76837158203125e-7,0.9999765157699585,0.0003833197115454823,-0.006842781789600849,-0.000722006952855736,0.9987708330154419,-0.049561936408281329,0.006815372034907341,0.04956571012735367,0.998747706413269]},{"Name":"Left Leg","CFrame":[-0.035397008061409,0.015610575675964356,0.025958240032196046,0.9892562627792358,-0.11195638030767441,0.09400992095470429,0.11028791218996048,0.9936387538909912,0.02277659811079502,-0.09596185386180878,-0.012163742445409298,0.9953107237815857]},{"Name":"Right Arm","CFrame":[0.05178280174732208,-0.1678609549999237,0.04986000061035156,0.954174816608429,-0.008466211147606373,-0.29913005232810976,0.050639111548662189,0.9897518754005432,0.13351739943027497,0.2949342727661133,-0.1425466239452362,0.9448250532150269]},{"Name":"Right Leg","CFrame":[0.16054131090641023,0.036957621574401858,0.03800812363624573,0.9750561714172363,0.19960790872573853,-0.09706734865903855,-0.19831888377666474,0.9798711538314819,0.022851916030049325,0.09967491775751114,-0.0030316286720335485,0.9950155019760132]},{"Name":"Left Arm","CFrame":[0.2628519535064697,-0.14427483081817628,-0.07584846019744873,0.9546139240264893,0.04151308536529541,0.2949387729167938,-0.05373501405119896,0.9979947805404663,0.03345213085412979,-0.2929587662220001,-0.04778242111206055,0.9549304246902466]}]},{"Time":0.11999999731779099,"Poses":[{"Name":"HumanoidRootPart","CFrame":[0,0,0,1,0,0,0,1,0,0,0,1]},{"Name":"Torso","CFrame":[0.02468997798860073,0.07095834612846375,0.3541649580001831,0.9999765157699585,-0.0007021016790531576,0.006818816065788269,0.00038328563096001744,0.9989114999771118,0.046644583344459537,-0.00684414291754365,-0.046640872955322269,0.9988882541656494]},{"Name":"Head","CFrame":[8.89413058757782e-8,9.313225746154785e-9,-2.980232238769531e-7,0.9999765157699585,0.00038328563096001744,-0.0068442304618656639,-0.0007021058117970824,0.9989115595817566,-0.046640872955322269,0.00681890407577157,0.04664458706974983,0.9988883137702942]},{"Name":"Left Leg","CFrame":[-0.13835012912750245,0.03082519769668579,0.03427654504776001,0.9820764660835266,-0.15605528652668,0.10570110380649567,0.15490734577178956,0.9877456426620483,0.019035225734114648,-0.1073763519525528,-0.0023201736621558668,0.9942158460617065]},{"Name":"Right Arm","CFrame":[0.05138661339879036,-0.1320531964302063,0.0506366491317749,0.9907683730125427,-0.07882257550954819,-0.11029605567455292,0.09077836573123932,0.9900038838386536,0.10794277489185333,0.100685253739357,-0.11695881187915802,0.9880198240280151]},{"Name":"Right Leg","CFrame":[0.24582868814468385,0.05874180793762207,0.040334463119506839,0.9712794423103333,0.22615456581115724,-0.07396218180656433,-0.22494882345199586,0.9740661978721619,0.02435545064508915,0.07755216211080551,-0.0070182401686906818,0.996963620185852]},{"Name":"Left Arm","CFrame":[0.28598377108573916,-0.14157480001449586,-0.04054868221282959,0.9846354722976685,0.08239704370498657,0.15395976603031159,-0.09206163138151169,0.9941363334655762,0.056724194437265399,-0.14838306605815888,-0.0700264498591423,0.9864475727081299]}]},{"Time":0.15000000596046449,"Poses":[{"Name":"HumanoidRootPart","CFrame":[0,0,0,1,0,0,0,1,0,0,0,1]},{"Name":"Torso","CFrame":[0.013112515211105347,0.07963122427463532,0.38062214851379397,0.9999765157699585,-0.0006695652264170349,0.0068212030455470089,0.0003833070513792336,0.9991225004196167,0.041881121695041659,-0.006843260023742914,-0.04187752306461334,0.9990993142127991]},{"Name":"Head","CFrame":[8.638016879558563e-8,-1.1175870895385743e-8,-3.5762786865234377e-7,0.9999765157699585,0.00038330708048306406,-0.006843347568064928,-0.0006695689517073333,0.9991225600242615,-0.04187752678990364,0.00682129105553031,0.041881125420331958,0.9990993142127991]},{"Name":"Left Leg","CFrame":[-0.16897115111351014,0.037917912006378177,0.03696697950363159,0.9781079888343811,-0.16498154401779176,0.12683041393756867,0.16468070447444917,0.986262321472168,0.012926081195473671,-0.12722057104110719,0.008243434131145478,0.9918403029441834]},{"Name":"Right Arm","CFrame":[-0.03423628211021423,-0.12203824520111084,0.13685762882232667,0.9657108187675476,-0.1635267734527588,0.2016473412513733,0.14616259932518006,0.9843658804893494,0.09828729927539826,-0.21456733345985413,-0.06544384360313416,0.9745142459869385]},{"Name":"Right Leg","CFrame":[0.2855902910232544,0.06733238697052002,0.03406637907028198,0.9728119969367981,0.22724835574626923,-0.04466671869158745,-0.22632886469364167,0.9737370014190674,0.024728933349251748,0.049113232642412189,-0.013947217725217343,0.9986958503723145]},{"Name":"Left Arm","CFrame":[0.3479616940021515,-0.12035125494003296,0.05630838871002197,0.9609156250953674,0.19508403539657594,-0.19642670452594758,-0.17177879810333253,0.9765782356262207,0.12956441938877107,0.2171020656824112,-0.0907585620880127,0.9719205498695374]}]},{"Time":0.18000000715255738,"Poses":[{"Name":"HumanoidRootPart","CFrame":[0,0,0,1,0,0,0,1,0,0,0,1]},{"Name":"Torso","CFrame":[0.006777924485504627,0.08085719496011734,0.35515445470809939,0.9999765157699585,-0.0006528407684527338,0.006822255905717611,0.00038331872201524675,0.9992221593856812,0.03943316638469696,-0.006842692848294973,-0.03942962735891342,0.9991989135742188]},{"Name":"Head","CFrame":[8.638016879558563e-8,5.587935447692871e-9,1.1920928955078126e-7,0.9999765157699585,0.0003833188093267381,-0.006842780392616987,-0.0006528441444970667,0.9992222189903259,-0.03942962363362312,0.0068223439157009129,0.03943317010998726,0.9991989135742188]},{"Name":"Left Leg","CFrame":[-0.18858402967453004,0.04379463195800781,0.03984299302101135,0.9751109480857849,-0.17324724793434144,0.13836166262626649,0.17355211079120637,0.9847744107246399,0.009952695108950138,-0.13797931373119355,0.014307959005236626,0.990331768989563]},{"Name":"Right Arm","CFrame":[-0.16757789254188538,-0.11182844638824463,0.27030515670776369,0.8355852961540222,-0.2587096095085144,0.484630286693573,0.22444885969161988,0.9659543037414551,0.12866614758968354,-0.5014180541038513,0.001263153157196939,0.8652043342590332]},{"Name":"Right Leg","CFrame":[0.32135844230651858,0.07572823762893677,0.02673095464706421,0.9724457859992981,0.23278191685676576,-0.012715136632323265,-0.23237907886505128,0.9722461700439453,0.02715475857257843,0.018683381378650667,-0.023451806977391244,0.999550461769104]},{"Name":"Left Arm","CFrame":[0.41277962923049929,-0.07145985960960388,0.16085880994796754,0.8420144319534302,0.2858682870864868,-0.4574832618236542,-0.2204141914844513,0.956341028213501,0.19191013276576997,0.4923711121082306,-0.06075531616806984,0.8682624697685242]}]},{"Time":0.2199999988079071,"Poses":[{"Name":"HumanoidRootPart","CFrame":[0,0,0,1,0,0,0,1,0,0,0,1]},{"Name":"Torso","CFrame":[-0.007304553873836994,0.08193734288215637,0.22821807861328126,0.999999463558197,0.00023566694289911538,0.0010123637039214373,-0.0002658978628460318,0.9995508790016174,0.029966117814183236,-0.001004846883006394,-0.02996637113392353,0.9995504021644592]},{"Name":"Head","CFrame":[8.702045306563378e-8,-1.210719347000122e-8,-2.384185791015625e-7,0.999999463558197,-0.00026589789194986224,-0.0010049344273284078,0.00023566432355437428,0.999550998210907,-0.02996637113392353,0.0010124510154128075,0.029966121539473535,0.9995504021644592]},{"Name":"Left Leg","CFrame":[-0.3114709258079529,0.09000355005264282,0.05412781238555908,0.9558590650558472,-0.24384954571723939,0.16392335295677186,0.2480698525905609,0.9687267541885376,-0.005467504262924194,-0.1574636846780777,0.04589060693979263,0.9864579439163208]},{"Name":"Right Arm","CFrame":[-0.25490331649780276,-0.07853147387504578,0.3521154224872589,0.6055164933204651,-0.41174405813217165,0.6810408234596252,0.3162296414375305,0.9097828269004822,0.26887574791908266,-0.7303072214126587,0.05255658179521561,0.6810941696166992]},{"Name":"Right Leg","CFrame":[0.45115891098976138,0.12654078006744386,0.008378982543945313,0.9620568156242371,0.27089279890060427,0.0326153002679348,-0.27183839678764346,0.961899995803833,0.0291929692029953,-0.023464495316147805,-0.03695137798786163,0.9990415573120117]},{"Name":"Left Arm","CFrame":[0.4789294898509979,0.00901871919631958,0.27452173829078677,0.7197471261024475,0.3326666057109833,-0.6093415021896362,-0.2461308091878891,0.9429767727851868,0.2240859717130661,0.6491408348083496,-0.01130752358585596,0.7605842351913452]}]},{"Time":0.25,"Poses":[{"Name":"HumanoidRootPart","CFrame":[0,0,0,1,0,0,0,1,0,0,0,1]},{"Name":"Torso","CFrame":[-0.003293190849944949,0.08453752100467682,0.10297539830207825,0.9999582171440125,0.0017480356618762017,-0.008975214324891568,-0.0015507519710808993,0.9997580647468567,0.02194104716181755,0.009011396206915379,-0.021926211193203927,0.9997190833091736]},{"Name":"Head","CFrame":[8.89413058757782e-8,-4.6566128730773929e-9,-1.1920928955078126e-7,0.9999582171440125,-0.001550752087496221,0.009011308662593365,0.0017480337992310525,0.9997581243515015,-0.021926213055849077,-0.008975127711892128,0.0219410490244627,0.9997190833091736]},{"Name":"Left Leg","CFrame":[-0.31877774000167849,0.09326118230819702,0.054729342460632327,0.946558952331543,-0.2600035071372986,0.19085222482681275,0.2686272859573364,0.9630294442176819,-0.020334523171186448,-0.17850922048091889,0.07051599025726319,0.9814081788063049]},{"Name":"Right Arm","CFrame":[-0.323339581489563,-0.025905713438987733,0.41692376136779787,0.24668799340724946,-0.6356415748596191,0.731508731842041,0.3190874755382538,0.7660224437713623,0.558025598526001,-0.9150563478469849,0.09575700014829636,0.391793817281723]},{"Name":"Right Leg","CFrame":[0.4765041470527649,0.13672780990600587,0.0006093978881835938,0.9627484679222107,0.26170408725738528,0.06801798194646836,-0.26479464769363406,0.963426947593689,0.04113675281405449,-0.054764699190855029,-0.057615138590335849,0.9968357086181641]},{"Name":"Left Arm","CFrame":[0.5627959966659546,0.1267029047012329,0.4222677946090698,0.5750435590744019,0.35869866609573367,-0.7352960109710693,-0.2630973756313324,0.9320972561836243,0.24894674122333527,0.7746642827987671,0.050299257040023807,0.630369246006012]}]},{"Time":0.27000001072883608,"Poses":[{"Name":"HumanoidRootPart","CFrame":[0,0,0,1,0,0,0,1,0,0,0,1]},{"Name":"Torso","CFrame":[0.013923285529017449,0.08035904169082642,-0.018167972564697267,0.9998472332954407,0.0027272361330688,-0.017264192923903467,-0.002510815393179655,0.9999181628227234,0.012545092962682248,0.017296992242336274,-0.01249982975423336,0.9997722506523132]},{"Name":"Head","CFrame":[8.475035429000855e-8,9.313225746154785e-9,3.5762786865234377e-7,0.9998472929000855,-0.002510815393179655,0.01729690469801426,0.002727234736084938,0.9999181628227234,-0.012499828822910786,-0.017264103516936303,0.012545093894004822,0.9997722506523132]},{"Name":"Left Leg","CFrame":[-0.2727184295654297,0.06642788648605347,0.03935563564300537,0.9454664587974548,-0.2503282129764557,0.20839637517929078,0.2631015479564667,0.9641128182411194,-0.035552870482206348,-0.19201774895191194,0.08844346553087235,0.9773980975151062]},{"Name":"Right Arm","CFrame":[-0.3754405975341797,0.02935604751110077,0.46621811389923098,-0.005426141899079084,-0.819572925567627,0.5729492902755737,0.19416488707065583,0.5611897706985474,0.8045905828475952,-0.9809538722038269,0.11561243236064911,0.1560872197151184]},{"Name":"Right Leg","CFrame":[0.47815078496932986,0.14024144411087037,0.004377841949462891,0.9652968049049377,0.24669788777828217,0.0856870636343956,-0.25189220905303957,0.9661262631416321,0.05612887069582939,-0.06893765926361084,-0.07576493173837662,0.994739830493927]},{"Name":"Left Arm","CFrame":[0.6525706052780151,0.26292532682418826,0.5820037126541138,0.4276946485042572,0.364357054233551,-0.827237069606781,-0.28177985548973086,0.923302412033081,0.2609843909740448,0.858881413936615,0.12147717922925949,0.497560054063797]}]},{"Time":0.30000001192092898,"Poses":[{"Name":"HumanoidRootPart","CFrame":[0,0,0,1,0,0,0,1,0,0,0,1]},{"Name":"Torso","CFrame":[0.025921296328306199,0.06414057314395905,-0.13965511322021485,0.9997769594192505,0.0027165142819285394,-0.020944228395819665,-0.002794044790789485,0.9999893307685852,-0.0036733923479914667,0.020934026688337327,0.003731092205271125,0.9997739195823669]},{"Name":"Head","CFrame":[9.592622518539429e-8,-6.402842700481415e-9,3.5762786865234377e-7,0.9997769594192505,-0.0027940450236201288,0.02093394100666046,0.002716514514759183,0.99998939037323,0.0037310924381017687,-0.02094414085149765,-0.00367339258082211,0.9997739791870117]},{"Name":"Left Leg","CFrame":[-0.2792499363422394,0.06212937831878662,0.029250383377075197,0.9471157789230347,-0.2509838938713074,0.19994740188121797,0.2647797763347626,0.9632540941238403,-0.045091088861227038,-0.18128304183483125,0.09564848989248276,0.978768527507782]},{"Name":"Right Arm","CFrame":[-0.42053014039993288,0.08753800392150879,0.5139235854148865,-0.06734367460012436,-0.949749767780304,0.3056797981262207,-0.05243687331676483,0.30932119488716128,0.949510931968689,-0.9963510036468506,0.047914836555719379,-0.07063259184360504]},{"Name":"Right Leg","CFrame":[0.5144718885421753,0.15621209144592286,-0.0076728761196136478,0.9632652401924133,0.24266265332698823,0.1150432825088501,-0.25091060996055605,0.9659290909767151,0.06344281882047653,-0.09572844952344895,-0.08997787535190582,0.991332471370697]},{"Name":"Left Arm","CFrame":[0.7299213409423828,0.38608574867248537,0.7184766530990601,0.3021036684513092,0.35509350895881655,-0.884670615196228,-0.3142991364002228,0.91324383020401,0.2592332661151886,0.8999719619750977,0.1997358798980713,0.38750001788139346]}]},{"Time":0.33000001311302187,"Poses":[{"Name":"HumanoidRootPart","CFrame":[0,0,0,1,0,0,0,1,0,0,0,1]},{"Name":"Torso","CFrame":[0.03949575498700142,0.045315779745578769,-0.25802522897720339,0.9997444152832031,0.0025154936593025924,-0.022472063079476358,-0.0030211990233510734,0.999742329120636,-0.022498181089758874,0.022409681230783464,0.022560320794582368,0.9994943141937256]},{"Name":"Head","CFrame":[7.078051567077637e-8,9.313225746154786e-10,-1.7881393432617188e-7,0.9997444152832031,-0.0030211987905204298,0.02240958996117115,0.0025154955219477417,0.999742329120636,0.022560320794582368,-0.022471977397799493,-0.022498181089758874,0.9994943141937256]},{"Name":"Left Leg","CFrame":[-0.3834293484687805,0.10902011394500733,0.036221325397491458,0.940413236618042,-0.2869667112827301,0.18240965902805329,0.30116307735443118,0.9519861340522766,-0.054983317852020267,-0.15787315368652345,0.10664211213588715,0.9816840887069702]},{"Name":"Right Arm","CFrame":[-0.45471131801605227,0.14523106813430787,0.5445642471313477,0.01829407922923565,-0.9990360736846924,0.03990441933274269,-0.3183248043060303,0.03201451897621155,0.9474409818649292,-0.9478052258491516,-0.0300351083278656,-0.3174322843551636]},{"Name":"Right Leg","CFrame":[0.6102603673934937,0.21394675970077516,-0.03383803367614746,0.9527714848518372,0.2666811943054199,0.14528504014015199,-0.2788715660572052,0.9577091932296753,0.07087976485490799,-0.12023855745792389,-0.10804809629917145,0.9868476390838623]},{"Name":"Left Arm","CFrame":[0.7796674370765686,0.46809813380241396,0.8020324110984802,0.21473556756973267,0.3398645520210266,-0.9156313538551331,-0.36691537499427798,0.8969013094902039,0.24686263501644135,0.9051308035850525,0.2829490602016449,0.3172982335090637]}]},{"Time":0.3700000047683716,"Poses":[{"Name":"HumanoidRootPart","CFrame":[0,0,0,1,0,0,0,1,0,0,0,1]},{"Name":"Torso","CFrame":[0.0671633705496788,0.03784658759832382,-0.35732775926589968,0.999739944934845,0.0025651559699326755,-0.022658696398139,-0.003243855433538556,0.9995456337928772,-0.029967373237013818,0.02257153019309044,0.030033081769943239,0.9992940425872803]},{"Name":"Head","CFrame":[8.568167686462403e-8,-1.862645149230957e-9,-2.384185791015625e-7,0.9997400641441345,-0.003243855433538556,0.022571442648768426,0.002565158298239112,0.9995456337928772,0.030033081769943239,-0.022658610716462137,-0.029967371374368669,0.9992940425872803]},{"Name":"Left Leg","CFrame":[-0.4972101151943207,0.1705380082130432,0.030077338218688966,0.9322683811187744,-0.3301275670528412,0.14795780181884767,0.3427532911300659,0.9368663430213928,-0.06929419934749603,-0.11574078351259232,0.115313820540905,0.9865632057189941]},{"Name":"Right Arm","CFrame":[-0.46631696820259097,0.16836237907409669,0.5480553507804871,0.051306627690792087,-0.995682418346405,-0.07735767960548401,-0.37020614743232729,-0.0909029096364975,0.924491286277771,-0.9275317788124085,-0.018794171512126924,-0.3732716739177704]},{"Name":"Right Leg","CFrame":[0.6856575608253479,0.29491811990737917,-0.02640441060066223,0.9445433020591736,0.30543771386146548,0.12060578167438507,-0.3163240849971771,0.944891631603241,0.08437476307153702,-0.08818814158439636,-0.11784609407186508,0.9891082644462586]},{"Name":"Left Arm","CFrame":[0.7966791391372681,0.49782463908195498,0.8226115703582764,0.16794292628765107,0.32702234387397768,-0.9299739599227905,-0.4374701678752899,0.8701170682907105,0.2269716113805771,0.8834110498428345,0.36871764063835146,0.2891925573348999]}]},{"Time":0.4000000059604645,"Poses":[{"Name":"HumanoidRootPart","CFrame":[0,0,0,1,0,0,0,1,0,0,0,1]},{"Name":"Torso","CFrame":[0.13062895834445954,0.04593692719936371,-0.42168164253234866,0.9997848272323608,0.017710432410240175,-0.010800414718687535,-0.017955288290977479,0.9995739459991455,-0.02301195077598095,0.010388259775936604,0.023200921714305879,0.9996769428253174]},{"Name":"Head","CFrame":[1.0384246706962586e-7,1.210719347000122e-8,2.384185791015625e-7,0.9997848868370056,-0.017955290153622628,0.010388173162937165,0.017710436135530473,0.9995740056037903,0.02320091985166073,-0.01080032717436552,-0.02301195077598095,0.9996769428253174]},{"Name":"Left Leg","CFrame":[-0.5387293100357056,0.20507961511611939,0.035943031311035159,0.9190619587898254,-0.3612717092037201,0.1575051099061966,0.37681326270103457,0.9226022362709045,-0.08256559073925019,-0.11548595130443573,0.13523288071155549,0.9840605854988098]},{"Name":"Right Arm","CFrame":[-0.3827451467514038,0.06895184516906738,0.4944201707839966,0.02481762506067753,-0.9892250299453735,-0.14428432285785676,-0.17081600427627564,-0.146402508020401,0.9743655323982239,-0.9849904179573059,0.00046453182585537434,-0.17260891199111939]},{"Name":"Right Leg","CFrame":[0.6856555938720703,0.3475077152252197,0.034104377031326297,0.9443135857582092,0.3272542953491211,0.03430311381816864,-0.32904717326164248,0.939127504825592,0.09883081167936325,0.0001278030831599608,-0.10461457818746567,0.9945129156112671]},{"Name":"Left Arm","CFrame":[0.7696820497512817,0.46136170625686648,0.7619278430938721,0.1602027267217636,0.32170334458351138,-0.9331890940666199,-0.5321747660636902,0.8243816494941711,0.1928340345621109,0.831339418888092,0.46572721004486086,0.30327072739601138]}]},{"Time":0.41999998688697817,"Poses":[{"Name":"HumanoidRootPart","CFrame":[0,0,0,1,0,0,0,1,0,0,0,1]},{"Name":"Torso","CFrame":[0.19532309472560883,0.05125873535871506,-0.3343522548675537,0.9988852143287659,0.046628039330244067,0.0073613133281469349,-0.04651729390025139,0.9988113641738892,-0.014560003764927388,-0.008031467907130719,0.014201343059539795,0.9998669028282166]},{"Name":"Head","CFrame":[8.66129994392395e-8,4.6566128730773929e-9,2.384185791015625e-7,0.9988852143287659,-0.04651729390025139,-0.008031555451452732,0.046628039330244067,0.9988113641738892,0.014201340265572071,0.007361401338130236,-0.014560002833604813,0.9998669028282166]},{"Name":"Left Leg","CFrame":[-0.5006512999534607,0.25238823890686037,0.12482815980911255,0.9110546112060547,-0.2956201732158661,0.2873818278312683,0.32849106192588808,0.9417067766189575,-0.07267628610134125,-0.24914486706256867,0.16061443090438844,0.9550549387931824]},{"Name":"Right Arm","CFrame":[-0.17982761561870576,-0.16501182317733766,0.38113129138946535,0.02931596338748932,-0.9768248200416565,-0.21202321350574494,0.2601138949394226,-0.19735144078731538,0.9451949000358582,-0.9651328921318054,-0.08285964280366898,0.24830017983913423]},{"Name":"Right Leg","CFrame":[0.5778725147247315,0.28129762411117556,0.08633431792259217,0.9579014182090759,0.2855515778064728,-0.02975565753877163,-0.28105226159095766,0.9538377523422241,0.10584559291601181,0.05860644578933716,-0.09302674978971482,0.9939373135566711]},{"Name":"Left Arm","CFrame":[0.6870455145835877,0.3467237949371338,0.6025384664535523,0.19885696470737458,0.32944121956825259,-0.9229975342750549,-0.6528546810150147,0.7469393610954285,0.12594616413116456,0.7309150099754334,0.577538013458252,0.3636114299297333]}]},{"Time":0.44999998807907107,"Poses":[{"Name":"HumanoidRootPart","CFrame":[0,0,0,1,0,0,0,1,0,0,0,1]},{"Name":"Torso","CFrame":[0.2552929222583771,0.060382179915905,-0.19823050498962403,0.9975719451904297,0.06415316462516785,0.027103286236524583,-0.06411416083574295,0.9979400038719177,-0.0023064434062689544,-0.027195416390895845,0.000563139037694782,0.9996299743652344]},{"Name":"Head","CFrame":[1.0151416063308716e-7,2.5320332497358324e-9,-5.960464477539063e-8,0.9975719451904297,-0.06411415338516236,-0.027195502072572709,0.06415316462516785,0.997939944267273,0.0005631330423057079,0.027103371918201448,-0.0023064434062689544,0.9996299743652344]},{"Name":"Left Leg","CFrame":[-0.4709094762802124,0.2790200114250183,0.17315784096717835,0.9168554544448853,-0.21520905196666718,0.336245596408844,0.24225442111492158,0.9693827033042908,-0.04012637212872505,-0.3173152208328247,0.11824706196784973,0.9409191608428955]},{"Name":"Right Arm","CFrame":[-0.023285478353500367,-0.3166956901550293,0.3052690029144287,0.08749715983867645,-0.9636425375938416,-0.25246259570121767,0.575144350528717,-0.1580590009689331,0.8026371002197266,-0.8133592009544373,-0.21543100476264954,0.5404038429260254]},{"Name":"Right Leg","CFrame":[0.3891294300556183,0.18316352367401124,0.12853968143463136,0.9723832607269287,0.21172590553760529,-0.09819772094488144,-0.20015601813793183,0.9729081988334656,0.11570476740598679,0.12003523111343384,-0.09285455197095871,0.9884177446365356]},{"Name":"Left Arm","CFrame":[0.5769604444503784,0.19614776968955995,0.398342102766037,0.2720497250556946,0.3523849546909332,-0.8954405784606934,-0.7644239068031311,0.6443610191345215,0.021332425996661187,0.584504246711731,0.678692638874054,0.44466984272003176]}]},{"Time":0.47999998927116396,"Poses":[{"Name":"HumanoidRootPart","CFrame":[0,0,0,1,0,0,0,1,0,0,0,1]},{"Name":"Torso","CFrame":[0.3047972619533539,0.08805786073207855,-0.11812877655029297,0.9972802400588989,0.057765115052461627,0.045776937156915668,-0.05867670848965645,0.9980995059013367,0.01882552169263363,-0.04460248351097107,-0.021460358053445817,0.9987742900848389]},{"Name":"Head","CFrame":[8.568167686462403e-8,-1.862645149230957e-9,2.384185791015625e-7,0.9972802400588989,-0.05867670476436615,-0.044602569192647937,0.05776511877775192,0.9980995655059815,-0.021460365504026414,0.04577702656388283,0.018825523555278779,0.9987743496894836]},{"Name":"Left Leg","CFrame":[-0.41943538188934328,0.2538742423057556,0.14697185158729554,0.9170939922332764,-0.20407702028751374,0.34247809648513796,0.2062751054763794,0.9780211448669434,0.030419370159506799,-0.3411586880683899,0.04274730756878853,0.9390333294868469]},{"Name":"Right Arm","CFrame":[0.06064558029174805,-0.38113826513290408,0.2859589457511902,0.2529813349246979,-0.9220972657203674,-0.29280877113342287,0.7296522855758667,-0.016894681379199029,0.683609664440155,-0.6353015899658203,-0.38658908009529116,0.668536365032196]},{"Name":"Right Leg","CFrame":[0.16959528625011445,0.14652502536773683,0.18101522326469422,0.9443249106407166,0.14680060744285584,-0.29444897174835207,-0.11385031044483185,0.9854526519775391,0.12617987394332887,0.30868861079216006,-0.08563169091939926,0.9473007321357727]},{"Name":"Left Arm","CFrame":[0.48106566071510317,0.06826546788215637,0.22451327741146089,0.35066336393356326,0.38204559683799746,-0.8550300002098084,-0.8348491191864014,0.5412158370018005,-0.10056006163358689,0.4243374168872833,0.749083936214447,0.5087351202964783]}]},{"Time":0.5199999809265137,"Poses":[{"Name":"HumanoidRootPart","CFrame":[0,0,0,1,0,0,0,1,0,0,0,1]},{"Name":"Torso","CFrame":[0.3485497236251831,0.11875598132610321,-0.08777166157960892,0.997062087059021,0.047351542860269549,0.060208510607481,-0.04979495704174042,0.9979681968688965,0.03975090757012367,-0.05820390582084656,-0.04263220354914665,0.9973940253257752]},{"Name":"Head","CFrame":[1.3597309589385987e-7,-1.862645149230957e-9,-2.384185791015625e-7,0.997062087059021,-0.049794964492321017,-0.05820399895310402,0.04735153168439865,0.9979681968688965,-0.04263221099972725,0.06020859256386757,0.03975090757012367,0.9973940849304199]},{"Name":"Left Leg","CFrame":[-0.3475450277328491,0.25475358963012698,0.09846034646034241,0.8964312672615051,-0.196306511759758,0.39733457565307619,0.1588139683008194,0.9792962074279785,0.12552763521671296,-0.4137500524520874,-0.049424655735492709,0.9090479016304016]},{"Name":"Right Arm","CFrame":[0.11074846982955933,-0.444964200258255,0.29450803995132449,0.527184009552002,-0.7683643102645874,-0.3628956079483032,0.766137421131134,0.2450542002916336,0.5941226482391357,-0.367573618888855,-0.5912399888038635,0.717861533164978]},{"Name":"Right Leg","CFrame":[0.017294079065322877,0.1611657738685608,0.21702273190021516,0.8372775912284851,0.08820607513189316,-0.5396163463592529,-0.027673371136188508,0.9924735426902771,0.1192917749285698,0.546077311038971,-0.08494726568460465,0.8334169387817383]},{"Name":"Left Arm","CFrame":[0.3836616277694702,-0.05888020992279053,0.0534263476729393,0.4533231556415558,0.42478299140930178,-0.783618152141571,-0.8622626066207886,0.43173032999038699,-0.26478680968284609,0.2258348912000656,0.7957188487052918,0.5619879961013794]}]},{"Time":0.550000011920929,"Poses":[{"Name":"HumanoidRootPart","CFrame":[0,0,0,1,0,0,0,1,0,0,0,1]},{"Name":"Torso","CFrame":[0.3920283019542694,0.13070298731327058,-0.10230282694101334,0.9969710111618042,0.04199555143713951,0.06546254456043244,-0.04523591697216034,0.9977822303771973,0.048829060047864917,-0.06326676160097122,-0.05164240300655365,0.9966596961021423]},{"Name":"Head","CFrame":[6.705522537231445e-8,-1.862645149230957e-9,0,0.9969710111618042,-0.04523590952157974,-0.06326684355735779,0.04199554771184921,0.9977822303771973,-0.05164241045713425,0.0654626339673996,0.04882905259728432,0.9966596364974976]},{"Name":"Left Leg","CFrame":[-0.2805423140525818,0.24538755416870118,0.07049651443958283,0.9064227342605591,-0.1698322743177414,0.3867233097553253,0.09493616223335266,0.9740915298461914,0.20526321232318879,-0.4115642011165619,-0.1493413746356964,0.8990618586540222]},{"Name":"Right Arm","CFrame":[0.12029078602790833,-0.49437209963798525,0.303506076335907,0.7577222585678101,-0.49201399087905886,-0.4286946952342987,0.6507981419563294,0.5212572813034058,0.5520439743995667,-0.04815303906798363,-0.6972898840904236,0.7151700854301453]},{"Name":"Right Leg","CFrame":[0.023790448904037477,0.2175304889678955,0.27075839042663576,0.7690916061401367,0.043751396238803866,-0.637639582157135,0.03185782581567764,0.9937899708747864,0.10661385953426361,0.6383441090583801,-0.10230949521064758,0.7629215717315674]},{"Name":"Left Arm","CFrame":[0.268312931060791,-0.20839783549308778,-0.14060211181640626,0.5723506808280945,0.4933087229728699,-0.6550277471542358,-0.81963711977005,0.32010921835899355,-0.47510525584220889,-0.024693245068192483,0.8088118433952332,0.5875489711761475]}]},{"Time":0.5799999833106995,"Poses":[{"Name":"HumanoidRootPart","CFrame":[0,0,0,1,0,0,0,1,0,0,0,1]},{"Name":"Torso","CFrame":[0.44678837060928347,0.15415623784065247,-0.16019940376281739,0.9955031871795654,0.013264183886349202,0.09379570931196213,-0.020256539806723596,0.9970529079437256,0.07399436086416245,-0.09253782033920288,-0.07556159049272537,0.9928379654884338]},{"Name":"Head","CFrame":[2.60770320892334e-8,-5.960464477539063e-8,2.384185791015625e-7,0.9955031275749207,-0.020256539806723596,-0.09253790974617005,0.013264177367091179,0.9970529079437256,-0.07556159794330597,0.09379579871892929,0.07399436086416245,0.9928379654884338]},{"Name":"Left Leg","CFrame":[-0.3629401624202728,0.31090760231018069,0.07048583030700684,0.9302180409431458,-0.20064830780029298,0.30730241537094118,0.1354815512895584,0.9659157991409302,0.22057044506072999,-0.3410855233669281,-0.16354478895664216,0.9256964921951294]},{"Name":"Right Arm","CFrame":[0.11137154698371887,-0.5203585624694824,0.28880196809768679,0.8491569757461548,-0.2584095597267151,-0.4606049358844757,0.4939446747303009,0.6972926259040833,0.5194243788719177,0.18695229291915894,-0.6685863137245178,0.7197509407997131]},{"Name":"Right Leg","CFrame":[0.03605496883392334,0.26540714502334597,0.3102344572544098,0.7302544713020325,0.035814911127090457,-0.6822360157966614,0.043000467121601108,0.9942352771759033,0.0982208102941513,0.6818207502365112,-0.10106263309717179,0.7245045304298401]},{"Name":"Left Arm","CFrame":[0.17935678362846375,-0.32440176606178286,-0.28506484627723696,0.641225278377533,0.5557532906532288,-0.5291204452514648,-0.7371639013290405,0.254627525806427,-0.6259026527404785,-0.21311897039413453,0.7913931608200073,0.5729549527168274]}]},{"Time":0.6000000238418579,"Poses":[{"Name":"HumanoidRootPart","CFrame":[0,0,0,1,0,0,0,1,0,0,0,1]},{"Name":"Torso","CFrame":[0.47651779651641848,0.16564208269119264,-0.20046046376228333,0.9933795928955078,-0.017020540311932565,0.11361115425825119,0.006613883655518293,0.9957965612411499,0.09135456383228302,-0.11468850821256638,-0.08999834954738617,0.9893163442611694]},{"Name":"Head","CFrame":[8.940696716308594e-8,7.450580596923828e-9,0,0.993379533290863,0.006613882724195719,-0.11468857526779175,-0.01702054962515831,0.9957965016365051,-0.08999833464622498,0.11361125856637955,0.09135456383228302,0.9893163442611694]},{"Name":"Left Leg","CFrame":[-0.4003342390060425,0.359693706035614,0.05797863006591797,0.9454864263534546,-0.2080378532409668,0.2505508363246918,0.14995400607585908,0.9610594511032105,0.2321176826953888,-0.28908348083496096,-0.1818930208683014,0.9398647546768189]},{"Name":"Right Arm","CFrame":[0.10826187580823899,-0.5317209959030151,0.24586844444274903,0.8618033528327942,-0.19686998426914216,-0.4674796760082245,0.42181646823883059,0.7900069355964661,0.4449267089366913,0.28171953558921816,-0.5806300640106201,0.7638736963272095]},{"Name":"Right Leg","CFrame":[0.014595836400985718,0.2844545245170593,0.32547807693481448,0.6947845816612244,0.045439932495355609,-0.7177810072898865,0.03355802968144417,0.9948670864105225,0.09546393156051636,0.7184345722198486,-0.09041402488946915,0.6896934509277344]},{"Name":"Left Arm","CFrame":[0.1488734483718872,-0.3648778796195984,-0.3328574001789093,0.6581382155418396,0.5806203484535217,-0.47930586338043215,-0.7021982073783875,0.2437058985233307,-0.6689733862876892,-0.2716098725795746,0.7768446207046509,0.5681027173995972]}]},{"Time":0.6299999952316284,"Poses":[{"Name":"HumanoidRootPart","CFrame":[0,0,0,1,0,0,0,1,0,0,0,1]},{"Name":"Torso","CFrame":[0.44729894399642947,0.14653410017490388,-0.17115791141986848,0.9934775233268738,-0.027578378096222879,0.1106436550617218,0.018359055742621423,0.9963391423225403,0.08349429816007614,-0.11254124343395233,-0.08091838657855988,0.9903468489646912]},{"Name":"Head","CFrame":[2.60770320892334e-8,-2.9802322387695315e-8,4.76837158203125e-7,0.993477463722229,0.018359052017331125,-0.1125413253903389,-0.027578387409448625,0.9963391423225403,-0.08091837912797928,0.11064373701810837,0.08349429816007614,0.9903468489646912]},{"Name":"Left Leg","CFrame":[-0.39627861976623537,0.3366483449935913,0.058893799781799319,0.9482250809669495,-0.19948668777942658,0.24713188409805299,0.1397097259759903,0.9607911109924316,0.23950323462486268,-0.2852199077606201,-0.1925763189792633,0.9389163851737976]},{"Name":"Right Arm","CFrame":[0.11037061363458634,-0.5189568996429443,0.1568816900253296,0.8427982926368713,-0.3367181420326233,-0.41989511251449587,0.4769400656223297,0.8287671208381653,0.29269981384277346,0.24943803250789643,-0.4469517469406128,0.8590779900550842]},{"Name":"Right Leg","CFrame":[0.024349480867385865,0.26987403631210329,0.31415241956710818,0.7051128149032593,0.05593392625451088,-0.706885576248169,0.007349308580160141,0.9962540864944458,0.08616159856319428,0.709057092666626,-0.06594867259263993,0.7020606398582459]},{"Name":"Left Arm","CFrame":[0.15587979555130006,-0.36208558082580569,-0.2731766104698181,0.6510619521141052,0.5821106433868408,-0.48709896206855776,-0.7262053489685059,0.2910560667514801,-0.6228259205818176,-0.22078058123588563,0.7592321634292603,0.6122276186943054]}]},{"Time":0.6700000166893005,"Poses":[{"Name":"HumanoidRootPart","CFrame":[0,0,0,1,0,0,0,1,0,0,0,1]},{"Name":"Torso","CFrame":[0.36994272470474245,0.11008172482252121,-0.09909988194704056,0.9943753480911255,-0.029629983007907869,0.1016843169927597,0.023470433428883554,0.9978467226028442,0.061246030032634738,-0.10328008234500885,-0.058514971286058429,0.9929296374320984]},{"Name":"Head","CFrame":[9.685754776000977e-8,-9.313225746154785e-9,1.1920928955078126e-7,0.9943753480911255,0.023470431566238405,-0.10328017920255661,-0.029629988595843316,0.9978467226028442,-0.058514971286058429,0.10168440639972687,0.061246033757925037,0.9929296970367432]},{"Name":"Left Leg","CFrame":[-0.35648638010025027,0.27864229679107668,0.061751917004585269,0.9545918703079224,-0.1666351854801178,0.2469557374715805,0.10158762335777283,0.9613286852836609,0.2559829652309418,-0.2800612449645996,-0.21927158534526826,0.9346045851707459]},{"Name":"Right Arm","CFrame":[0.10764193534851074,-0.4660396873950958,0.03443789482116699,0.7408512234687805,-0.6300660967826843,-0.2327147126197815,0.6598947644233704,0.7473701238632202,0.07731016725301743,0.12521353363990785,-0.21084263920783997,0.9694674611091614]},{"Name":"Right Leg","CFrame":[0.07866537570953369,0.22525954246520997,0.27392005920410159,0.7567757368087769,0.06879396736621857,-0.650044322013855,-0.04548740014433861,0.9975783228874207,0.05261734500527382,0.6520900726318359,-0.010250711813569069,0.7580724358558655]},{"Name":"Left Arm","CFrame":[0.18070730566978455,-0.3468453884124756,-0.1202167421579361,0.6245071887969971,0.5794760584831238,-0.523639440536499,-0.7763150334358215,0.3870868682861328,-0.49749234318733218,-0.08559098839759827,0.7171968221664429,0.6915946006774902]}]},{"Time":0.699999988079071,"Poses":[{"Name":"HumanoidRootPart","CFrame":[0,0,0,1,0,0,0,1,0,0,0,1]},{"Name":"Torso","CFrame":[0.2924174964427948,0.08280522376298905,-0.04076957702636719,0.9956016540527344,-0.031911157071590427,0.08808555454015732,0.028493890538811685,0.9988019466400147,0.039783626794815066,-0.08924955874681473,-0.03709874302148819,0.9953182339668274]},{"Na