{"Keyframes":[{"Time":0,"Poses":[{"Name":"HumanoidRootPart","CFrame":[0,0,0,1,0,0,0,1,0,0,0,1]},{"Name":"Torso","CFrame":[4.440892098500626e-16,0.0050164381973445419,-0.060244567692279819,1,0,-8.742277657347586e-8,4.3855086229172e-10,0.9999874234199524,0.005016437266021967,8.742167523223543e-8,-0.005016437266021967,0.9999874234199524]},{"Name":"Head","CFrame":[8.742281920604e-8,0,0,1,4.3855086229172e-10,-1.1013412404281553e-12,-4.3855086229172e-10,0.9999874234199524,-0.005016437266021967,-1.1013412404281553e-12,0.005016437266021967,0.9999874234199524]},{"Name":"Left Leg","CFrame":[-0.21792234480381013,0.05252087116241455,0.042573511600494388,0.9859177470207214,-0.1375899463891983,0.09505388885736466,0.13603274524211884,0.9904442429542542,0.02270401641726494,-0.09726940095424652,-0.009453858248889447,0.9952132105827332]},{"Name":"Right Arm","CFrame":[-0.2354670614004135,-0.21305876970291139,-0.04267483949661255,0.7274307608604431,-0.6165170669555664,-0.301249235868454,0.6658162474632263,0.7403457760810852,0.09261243045330048,0.16593152284622193,-0.267945796251297,0.9490373134613037]},{"Name":"Right Leg","CFrame":[0.2211911678314209,0.04368853569030762,0.02714848518371582,0.9861255884170532,0.13838286697864533,-0.09168766438961029,-0.13847261667251588,0.9903514981269836,0.005412550177425146,0.09155202656984329,0.00735878013074398,0.9957731366157532]},{"Name":"Left Arm","CFrame":[0.2237021028995514,-0.13396039605140687,-0.06132519245147705,0.869682252407074,0.38023608922958376,0.31475892663002016,-0.4150148332118988,0.9084821939468384,0.049223002046346667,-0.267236590385437,-0.17343805730342866,0.9478945136070252]}]},{"Time":0.029999999329447748,"Poses":[{"Name":"HumanoidRootPart","CFrame":[0,0,0,1,0,0,0,1,0,0,0,1]},{"Name":"Torso","CFrame":[0.007656893227249384,0.016325531527400018,0.002014875877648592,0.9999986290931702,-0.00014655498671345413,0.0016481621423736215,0.0001205270818900317,0.9998754858970642,0.015781108289957048,-0.0016502697253599763,-0.015780888497829438,0.9998741149902344]},{"Name":"Head","CFrame":[8.655479177832604e-8,-3.725290298461914e-9,3.5762786865234377e-7,0.9999986290931702,0.00012052707461407408,-0.0016503571532666684,-0.00014655638369731605,0.9998754858970642,-0.015780886635184289,0.0016482496866956354,0.015781108289957048,0.9998741149902344]},{"Name":"Left Leg","CFrame":[0.051678646355867389,0.01121753454208374,0.017122507095336915,0.9953739047050476,-0.013418812304735184,0.09513606131076813,0.011374912224709988,0.9996933937072754,0.02199391834437847,-0.09540199488401413,-0.02081000618636608,0.9952213764190674]},{"Name":"Right Arm","CFrame":[-0.16407090425491334,-0.21365678310394288,-0.02098923921585083,0.8185068368911743,-0.4870613217353821,-0.30466005206108096,0.5377152562141419,0.8362079858779907,0.10778918862342835,0.20225919783115388,-0.2520465552806854,0.9463423490524292]},{"Name":"Right Leg","CFrame":[-0.05373547971248627,0.003515303134918213,0.003423154354095459,0.9949806332588196,0.013467633165419102,-0.09915685653686524,-0.012839153409004212,0.999893307685852,0.006973704788833857,0.09924019873142243,-0.005665610544383526,0.995047390460968]},{"Name":"Left Arm","CFrame":[0.23276343941688538,-0.1378704011440277,-0.06469225883483887,0.9014456868171692,0.3018476068973541,0.31029629707336428,-0.3313911259174347,0.9423707127571106,0.046016450971364978,-0.2785241901874542,-0.14431078732013703,0.9495254755020142]}]},{"Time":0.07000000029802323,"Poses":[{"Name":"HumanoidRootPart","CFrame":[0,0,0,1,0,0,0,1,0,0,0,1]},{"Name":"Torso","CFrame":[0.024036884307861329,0.04263535514473915,0.15518099069595338,0.9999865889549255,-0.0005197608843445778,0.005170387215912342,0.00031870839302428067,0.9992465376853943,0.03881048783659935,-0.0051866634748876099,-0.03880831226706505,0.9992333054542542]},{"Name":"Head","CFrame":[8.777715265750885e-8,-1.862645149230957e-8,3.5762786865234377e-7,0.999986469745636,0.00031870839302428067,-0.005186751019209623,-0.0005197642603889108,0.9992465376853943,-0.03880831599235535,0.005170474294573069,0.03881048783659935,0.9992333054542542]},{"Name":"Left Leg","CFrame":[0.0734054446220398,0.011611998081207276,0.015170753002166748,0.9947488307952881,-0.0375048853456974,0.09522712230682373,0.03554980456829071,0.9991226196289063,0.02214476466178894,-0.09597412496805191,-0.01864316686987877,0.9952093362808228]},{"Name":"Right Arm","CFrame":[-0.01647145301103592,-0.1988714337348938,0.024840056896209718,0.938552737236023,-0.1651650220155716,-0.30305004119873049,0.21415315568447114,0.967277467250824,0.13606193661689759,0.2706608772277832,-0.19260048866271974,0.9432114958763123]},{"Name":"Right Leg","CFrame":[-0.08725659549236298,0.00797116756439209,0.00664210319519043,0.9931684136390686,0.04624515771865845,-0.10713544487953186,-0.044938284903764728,0.9988834261894226,0.01458145584911108,0.10769014060497284,-0.009667351841926575,0.9941375255584717]},{"Name":"Left Arm","CFrame":[0.2531311511993408,-0.14323541522026063,-0.07224947214126587,0.9453427195549011,0.12562620639801026,0.3009073734283447,-0.14345811307430268,0.9889334440231323,0.0378226563334465,-0.29282596707344057,-0.07892300188541413,0.9529030919075012]}]},{"Time":0.07999999821186066,"Poses":[{"Name":"HumanoidRootPart","CFrame":[0,0,0,1,0,0,0,1,0,0,0,1]},{"Name":"Torso","CFrame":[0.03169041872024536,0.06045597791671753,0.2797566056251526,0.9999765157699585,-0.0007220025872811675,0.006815285421907902,0.0003833197115454823,0.9987708926200867,0.04956571012735367,-0.006842693313956261,-0.04956193268299103,0.998747706413269]},{"Name":"Head","CFrame":[8.195638656616211e-8,-3.166496753692627e-8,4.76837158203125e-7,0.9999765157699585,0.0003833197115454823,-0.006842781789600849,-0.000722006952855736,0.9987708330154419,-0.049561936408281329,0.006815372034907341,0.04956571012735367,0.998747706413269]},{"Name":"Left Leg","CFrame":[-0.035397008061409,0.015610575675964356,0.025958240032196046,0.9892562627792358,-0.11195638030767441,0.09400992095470429,0.11028791218996048,0.9936387538909912,0.02277659811079502,-0.09596185386180878,-0.012163742445409298,0.9953107237815857]},{"Name":"Right Arm","CFrame":[0.05178280174732208,-0.1678609549999237,0.04986000061035156,0.954174816608429,-0.008466211147606373,-0.29913005232810976,0.050639111548662189,0.9897518754005432,0.13351739943027497,0.2949342727661133,-0.1425466239452362,0.9448250532150269]},{"Name":"Right Leg","CFrame":[0.16054131090641023,0.036957621574401858,0.03800812363624573,0.9750561714172363,0.19960790872573853,-0.09706734865903855,-0.19831888377666474,0.9798711538314819,0.022851916030049325,0.09967491775751114,-0.0030316286720335485,0.9950155019760132]},{"Name":"Left Arm","CFrame":[0.2628519535064697,-0.14427483081817628,-0.07584846019744873,0.9546139240264893,0.04151308536529541,0.2949387729167938,-0.05373501405119896,0.9979947805404663,0.03345213085412979,-0.2929587662220001,-0.04778242111206055,0.9549304246902466]}]},{"Time":0.11999999731779099,"Poses":[{"Name":"HumanoidRootPart","CFrame":[0,0,0,1,0,0,0,1,0,0,0,1]},{"Name":"Torso","CFrame":[0.02468997798860073,0.07095834612846375,0.3541649580001831,0.9999765157699585,-0.0007021016790531576,0.006818816065788269,0.00038328563096001744,0.9989114999771118,0.046644583344459537,-0.00684414291754365,-0.046640872955322269,0.9988882541656494]},{"Name":"Head","CFrame":[8.89413058757782e-8,9.313225746154785e-9,-2.980232238769531e-7,0.9999765157699585,0.00038328563096001744,-0.0068442304618656639,-0.0007021058117970824,0.9989115595817566,-0.046640872955322269,0.00681890407577157,0.04664458706974983,0.9988883137702942]},{"Name":"Left Leg","CFrame":[-0.13835012912750245,0.03082519769668579,0.03427654504776001,0.9820764660835266,-0.15605528652668,0.10570110380649567,0.15490734577178956,0.9877456426620483,0.019035225734114648,-0.1073763519525528,-0.0023201736621558668,0.9942158460617065]},{"Name":"Right Arm","CFrame":[0.05138661339879036,-0.1320531964302063,0.0506366491317749,0.9907683730125427,-0.07882257550954819,-0.11029605567455292,0.09077836573123932,0.9900038838386536,0.10794277489185333,0.100685253739357,-0.11695881187915802,0.9880198240280151]},{"Name":"Right Leg","CFrame":[0.24582868814468385,0.05874180793762207,0.040334463119506839,0.9712794423103333,0.22615456581115724,-0.07396218180656433,-0.22494882345199586,0.9740661978721619,0.02435545064508915,0.07755216211080551,-0.0070182401686906818,0.996963620185852]},{"Name":"Left Arm","CFrame":[0.28598377108573916,-0.14157480001449586,-0.04054868221282959,0.9846354722976685,0.08239704370498657,0.15395976603031159,-0.09206163138151169,0.9941363334655762,0.056724194437265399,-0.14838306605815888,-0.0700264498591423,0.9864475727081299]}]},{"Time":0.15000000596046449,"Poses":[{"Name":"HumanoidRootPart","CFrame":[0,0,0,1,0,0,0,1,0,0,0,1]},{"Name":"Torso","CFrame":[0.013112515211105347,0.07963122427463532,0.38062214851379397,0.9999765157699585,-0.0006695652264170349,0.0068212030455470089,0.0003833070513792336,0.9991225004196167,0.041881121695041659,-0.006843260023742914,-0.04187752306461334,0.9990993142127991]},{"Name":"Head","CFrame":[8.638016879558563e-8,-1.1175870895385743e-8,-3.5762786865234377e-7,0.9999765157699585,0.00038330708048306406,-0.006843347568064928,-0.0006695689517073333,0.9991225600242615,-0.04187752678990364,0.00682129105553031,0.041881125420331958,0.9990993142127991]},{"Name":"Left Leg","CFrame":[-0.16897115111351014,0.037917912006378177,0.03696697950363159,0.9781079888343811,-0.16498154401779176,0.12683041393756867,0.16468070447444917,0.986262321472168,0.012926081195473671,-0.12722057104110719,0.008243434131145478,0.9918403029441834]},{"Name":"Right Arm","CFrame":[-0.03423628211021423,-0.12203824520111084,0.13685762882232667,0.9657108187675476,-0.1635267734527588,0.2016473412513733,0.14616259932518006,0.9843658804893494,0.09828729927539826,-0.21456733345985413,-0.06544384360313416,0.9745142459869385]},{"Name":"Right Leg","CFrame":[0.2855902910232544,0.06733238697052002,0.03406637907028198,0.9728119969367981,0.22724835574626923,-0.04466671869158745,-0.22632886469364167,0.9737370014190674,0.024728933349251748,0.049113232642412189,-0.013947217725217343,0.9986958503723145]},{"Name":"Left Arm","CFrame":[0.3479616940021515,-0.12035125494003296,0.05630838871002197,0.9609156250953674,0.19508403539657594,-0.19642670452594758,-0.17177879810333253,0.9765782356262207,0.12956441938877107,0.2171020656824112,-0.0907585620880127,0.9719205498695374]}]},{"Time":0.18000000715255738,"Poses":[{"Name":"HumanoidRootPart","CFrame":[0,0,0,1,0,0,0,1,0,0,0,1]},{"Name":"Torso","CFrame":[0.006777924485504627,0.08085719496011734,0.35515445470809939,0.9999765157699585,-0.0006528407684527338,0.006822255905717611,0.00038331872201524675,0.9992221593856812,0.03943316638469696,-0.006842692848294973,-0.03942962735891342,0.9991989135742188]},{"Name":"Head","CFrame":[8.638016879558563e-8,5.587935447692871e-9,1.1920928955078126e-7,0.9999765157699585,0.0003833188093267381,-0.006842780392616987,-0.0006528441444970667,0.9992222189903259,-0.03942962363362312,0.0068223439157009129,0.03943317010998726,0.9991989135742188]},{"Name":"Left Leg","CFrame":[-0.18858402967453004,0.04379463195800781,0.03984299302101135,0.9751109480857849,-0.17324724793434144,0.13836166262626649,0.17355211079120637,0.9847744107246399,0.009952695108950138,-0.13797931373119355,0.014307959005236626,0.990331768989563]},{"Name":"Right Arm","CFrame":[-0.16757789254188538,-0.11182844638824463,0.27030515670776369,0.8355852961540222,-0.2587096095085144,0.484630286693573,0.22444885969161988,0.9659543037414551,0.12866614758968354,-0.5014180541038513,0.001263153157196939,0.8652043342590332]},{"Name":"Right Leg","CFrame":[0.32135844230651858,0.07572823762893677,0.02673095464706421,0.9724457859992981,0.23278191685676576,-0.012715136632323265,-0.23237907886505128,0.9722461700439453,0.02715475857257843,0.018683381378650667,-0.023451806977391244,0.999550461769104]},{"Name":"Left Arm","CFrame":[0.41277962923049929,-0.07145985960960388,0.16085880994796754,0.8420144319534302,0.2858682870864868,-0.4574832618236542,-0.2204141914844513,0.956341028213501,0.19191013276576997,0.4923711121082306,-0.06075531616806984,0.8682624697685242]}]},{"Time":0.2199999988079071,"Poses":[{"Name":"HumanoidRootPart","CFrame":[0,0,0,1,0,0,0,1,0,0,0,1]},{"Name":"Torso","CFrame":[-0.007304553873836994,0.08193734288215637,0.22821807861328126,0.999999463558197,0.00023566694289911538,0.0010123637039214373,-0.0002658978628460318,0.9995508790016174,0.029966117814183236,-0.001004846883006394,-0.02996637113392353,0.9995504021644592]},{"Name":"Head","CFrame":[8.702045306563378e-8,-1.210719347000122e-8,-2.384185791015625e-7,0.999999463558197,-0.00026589789194986224,-0.0010049344273284078,0.00023566432355437428,0.999550998210907,-0.02996637113392353,0.0010124510154128075,0.029966121539473535,0.9995504021644592]},{"Name":"Left Leg","CFrame":[-0.3114709258079529,0.09000355005264282,0.05412781238555908,0.9558590650558472,-0.24384954571723939,0.16392335295677186,0.2480698525905609,0.9687267541885376,-0.005467504262924194,-0.1574636846780777,0.04589060693979263,0.9864579439163208]},{"Name":"Right Arm","CFrame":[-0.25490331649780276,-0.07853147387504578,0.3521154224872589,0.6055164933204651,-0.41174405813217165,0.6810408234596252,0.3162296414375305,0.9097828269004822,0.26887574791908266,-0.7303072214126587,0.05255658179521561,0.6810941696166992]},{"Name":"Right Leg","CFrame":[0.45115891098976138,0.12654078006744386,0.008378982543945313,0.9620568156242371,0.27089279890060427,0.0326153002679348,-0.27183839678764346,0.961899995803833,0.0291929692029953,-0.023464495316147805,-0.03695137798786163,0.9990415573120117]},{"Name":"Left Arm","CFrame":[0.4789294898509979,0.00901871919631958,0.27452173829078677,0.7197471261024475,0.3326666057109833,-0.6093415021896362,-0.2461308091878891,0.9429767727851868,0.2240859717130661,0.6491408348083496,-0.01130752358585596,0.7605842351913452]}]},{"Time":0.25,"Poses":[{"Name":"HumanoidRootPart","CFrame":[0,0,0,1,0,0,0,1,0,0,0,1]},{"Name":"Torso","CFrame":[-0.003293190849944949,0.08453752100467682,0.10297539830207825,0.9999582171440125,0.0017480356618762017,-0.008975214324891568,-0.0015507519710808993,0.9997580647468567,0.02194104716181755,0.009011396206915379,-0.021926211193203927,0.9997190833091736]},{"Name":"Head","CFrame":[8.89413058757782e-8,-4.6566128730773929e-9,-1.1920928955078126e-7,0.9999582171440125,-0.001550752087496221,0.009011308662593365,0.0017480337992310525,0.9997581243515015,-0.021926213055849077,-0.008975127711892128,0.0219410490244627,0.9997190833091736]},{"Name":"Left Leg","CFrame":[-0.31877774000167849,0.09326118230819702,0.054729342460632327,0.946558952331543,-0.2600035071372986,0.19085222482681275,0.2686272859573364,0.9630294442176819,-0.020334523171186448,-0.17850922048091889,0.07051599025726319,0.9814081788063049]},{"Name":"Right Arm","CFrame":[-0.323339581489563,-0.025905713438987733,0.41692376136779787,0.24668799340724946,-0.6356415748596191,0.731508731842041,0.3190874755382538,0.7660224437713623,0.558025598526001,-0.9150563478469849,0.09575700014829636,0.391793817281723]},{"Name":"Right Leg","CFrame":[0.4765041470527649,0.13672780990600587,0.0006093978881835938,0.9627484679222107,0.26170408725738528,0.06801798194646836,-0.26479464769363406,0.963426947593689,0.04113675281405449,-0.054764699190855029,-0.057615138590335849,0.9968357086181641]},{"Name":"Left Arm","CFrame":[0.5627959966659546,0.1267029047012329,0.4222677946090698,0.5750435590744019,0.35869866609573367,-0.7352960109710693,-0.2630973756313324,0.9320972561836243,0.24894674122333527,0.7746642827987671,0.050299257040023807,0.630369246006012]}]},{"Time":0.27000001072883608,"Poses":[{"Name":"HumanoidRootPart","CFrame":[0,0,0,1,0,0,0,1,0,0,0,1]},{"Name":"Torso","CFrame":[0.013923285529017449,0.08035904169082642,-0.018167972564697267,0.9998472332954407,0.0027272361330688,-0.017264192923903467,-0.002510815393179655,0.9999181628227234,0.012545092962682248,0.017296992242336274,-0.01249982975423336,0.9997722506523132]},{"Name":"Head","CFrame":[8.475035429000855e-8,9.313225746154785e-9,3.5762786865234377e-7,0.9998472929000855,-0.002510815393179655,0.01729690469801426,0.002727234736084938,0.9999181628227234,-0.012499828822910786,-0.017264103516936303,0.012545093894004822,0.9997722506523132]},{"Name":"Left Leg","CFrame":[-0.2727184295654297,0.06642788648605347,0.03935563564300537,0.9454664587974548,-0.2503282129764557,0.20839637517929078,0.2631015479564667,0.9641128182411194,-0.035552870482206348,-0.19201774895191194,0.08844346553087235,0.9773980975151062]},{"Name":"Right Arm","CFrame":[-0.3754405975341797,0.02935604751110077,0.46621811389923098,-0.005426141899079084,-0.819572925567627,0.5729492902755737,0.19416488707065583,0.5611897706985474,0.8045905828475952,-0.9809538722038269,0.11561243236064911,0.1560872197151184]},{"Name":"Right Leg","CFrame":[0.47815078496932986,0.14024144411087037,0.004377841949462891,0.9652968049049377,0.24669788777828217,0.0856870636343956,-0.25189220905303957,0.9661262631416321,0.05612887069582939,-0.06893765926361084,-0.07576493173837662,0.994739830493927]},{"Name":"Left Arm","CFrame":[0.6525706052780151,0.26292532682418826,0.5820037126541138,0.4276946485042572,0.364357054233551,-0.827237069606781,-0.28177985548973086,0.923302412033081,0.2609843909740448,0.858881413936615,0.12147717922925949,0.497560054063797]}]},{"Time":0.30000001192092898,"Poses":[{"Name":"HumanoidRootPart","CFrame":[0,0,0,1,0,0,0,1,0,0,0,1]},{"Name":"Torso","CFrame":[0.025921296328306199,0.06414057314395905,-0.13965511322021485,0.9997769594192505,0.0027165142819285394,-0.020944228395819665,-0.002794044790789485,0.9999893307685852,-0.0036733923479914667,0.020934026688337327,0.003731092205271125,0.9997739195823669]},{"Name":"Head","CFrame":[9.592622518539429e-8,-6.402842700481415e-9,3.5762786865234377e-7,0.9997769594192505,-0.0027940450236201288,0.02093394100666046,0.002716514514759183,0.99998939037323,0.0037310924381017687,-0.02094414085149765,-0.00367339258082211,0.9997739791870117]},{"Name":"Left Leg","CFrame":[-0.2792499363422394,0.06212937831878662,0.029250383377075197,0.9471157789230347,-0.2509838938713074,0.19994740188121797,0.2647797763347626,0.9632540941238403,-0.045091088861227038,-0.18128304183483125,0.09564848989248276,0.978768527507782]},{"Name":"Right Arm","CFrame":[-0.42053014039993288,0.08753800392150879,0.5139235854148865,-0.06734367460012436,-0.949749767780304,0.3056797981262207,-0.05243687331676483,0.30932119488716128,0.949510931968689,-0.9963510036468506,0.047914836555719379,-0.07063259184360504]},{"Name":"Right Leg","CFrame":[0.5144718885421753,0.15621209144592286,-0.0076728761196136478,0.9632652401924133,0.24266265332698823,0.1150432825088501,-0.25091060996055605,0.9659290909767151,0.06344281882047653,-0.09572844952344895,-0.08997787535190582,0.991332471370697]},{"Name":"Left Arm","CFrame":[0.7299213409423828,0.38608574867248537,0.7184766530990601,0.3021036684513092,0.35509350895881655,-0.884670615196228,-0.3142991364002228,0.91324383020401,0.2592332661151886,0.8999719619750977,0.1997358798980713,0.38750001788139346]}]},{"Time":0.33000001311302187,"Poses":[{"Name":"HumanoidRootPart","CFrame":[0,0,0,1,0,0,0,1,0,0,0,1]},{"Name":"Torso","CFrame":[0.03949575498700142,0.045315779745578769,-0.25802522897720339,0.9997444152832031,0.0025154936593025924,-0.022472063079476358,-0.0030211990233510734,0.999742329120636,-0.022498181089758874,0.022409681230783464,0.022560320794582368,0.9994943141937256]},{"Name":"Head","CFrame":[7.078051567077637e-8,9.313225746154786e-10,-1.7881393432617188e-7,0.9997444152832031,-0.0030211987905204298,0.02240958996117115,0.0025154955219477417,0.999742329120636,0.022560320794582368,-0.022471977397799493,-0.022498181089758874,0.9994943141937256]},{"Name":"Left Leg","CFrame":[-0.3834293484687805,0.10902011394500733,0.036221325397491458,0.940413236618042,-0.2869667112827301,0.18240965902805329,0.30116307735443118,0.9519861340522766,-0.054983317852020267,-0.15787315368652345,0.10664211213588715,0.9816840887069702]},{"Name":"Right Arm","CFrame":[-0.45471131801605227,0.14]}]}]}
