{"Keyframes":[{"Time":0.02,"Poses":[{"Name":"Torso","CFrame":[0,0,0,1,-0,0,0,0.998,0.055,-0,-0.056,0.998]},{"Name":"Right Arm","CFrame":[0,0,0,1,-0,0,0,0.991,0.129,-0,-0.13,0.991]},{"Name":"Right Leg","CFrame":[0,0,0,0.996,0.077,0,-0.078,0.996,-0,-0,0,1]},{"Name":"Left Leg","CFrame":[0.038,0.003,0,0.996,-0.078,0,0.077,0.996,0,0,0,1]},{"Name":"Head","CFrame":[0,0,0,1,0,0,0,1,0,0,0,1]},{"Name":"Left Arm","CFrame":[0,0,0,1,-0,0,0,0.991,0.129,-0,-0.13,0.991]}]},{"Time":0.09,"Poses":[{"Name":"Torso","CFrame":[0,0,0,1,-0,0,0,0.998,0.055,-0,-0.056,0.998]},{"Name":"Right Arm","CFrame":[0,0,0,1,-0,0,0,0.991,0.129,-0,-0.13,0.991]},{"Name":"Right Leg","CFrame":[0,0,0,0.996,0.078,0,-0.079,0.996,-0,-0,0,1]},{"Name":"Left Leg","CFrame":[0.038,0.003,0,0.996,-0.079,0,0.078,0.996,0,0,0,1]},{"Name":"Head","CFrame":[0,0,0,1,0,0,0,1,0,0,0,1]},{"Name":"Left Arm","CFrame":[0,0,0,1,-0,0,0,0.991,0.129,-0,-0.13,0.991]}]},{"Time":0.13,"Poses":[{"Name":"Torso","CFrame":[0,0,0,1,-0,0,0,0.998,0.055,-0,-0.056,0.998]},{"Name":"Right Arm","CFrame":[0,0,0,1,-0,0,0,0.991,0.13,-0,-0.131,0.991]},{"Name":"Right Leg","CFrame":[0,0,0,0.996,0.078,0,-0.079,0.996,-0,-0,0,1]},{"Name":"Left Leg","CFrame":[0.038,0.003,0,0.996,-0.079,0,0.078,0.996,0,0,0,1]},{"Name":"Head","CFrame":[0,0,0,1,0,0,0,1,0,0,0,1]},{"Name":"Left Arm","CFrame":[0,0,0,1,-0,0,0,0.991,0.129,-0,-0.13,0.991]}]},{"Time":0.21,"Poses":[{"Name":"Torso","CFrame":[0,0,0,1,-0,0,0,0.998,0.055,-0,-0.056,0.998]},{"Name":"Right Arm","CFrame":[0,0,0,1,-0,0,0,0.991,0.13,-0,-0.131,0.991]},{"Name":"Right Leg","CFrame":[0,0,0,0.996,0.078,0,-0.079,0.996,-0,-0,0,1]},{"Name":"Left Leg","CFrame":[0.038,0.003,0,0.996,-0.079,0,0.078,0.996,0,0,0,1]},{"Name":"Head","CFrame":[0,0,0,1,0,0,0,1,0,0,0,1]},{"Name":"Left Arm","CFrame":[0,0,0,1,-0,0,0,0.991,0.13,-0,-0.131,0.991]}]},{"Time":0.26,"Poses":[{"Name":"Torso","CFrame":[0,0,0,1,-0,0,0,0.998,0.055,-0,-0.056,0.998]},{"Name":"Right Arm","CFrame":[0,0,0,1,-0,0,0,0.991,0.13,-0,-0.131,0.991]},{"Name":"Right Leg","CFrame":[0,0,0,0.996,0.078,0,-0.079,0.996,-0,-0,0,1]},{"Name":"Left Leg","CFrame":[0.038,0.003,0,0.996,-0.079,0,0.078,0.996,0,0,0,1]},{"Name":"Head","CFrame":[0,0,0,1,0,0,0,1,0,0,0,1]},{"Name":"Left Arm","CFrame":[0,0,0,1,-0,0,0,0.991,0.13,-0,-0.131,0.991]}]},{"Time":0.31,"Poses":[{"Name":"Torso","CFrame":[0,0,0,1,-0,0,0,0.998,0.055,-0,-0.056,0.998]},{"Name":"Right Arm","CFrame":[0,0,0,1,-0,0,0,0.991,0.13,-0,-0.131,0.991]},{"Name":"Right Leg","CFrame":[0,0,0,0.996,0.078,0,-0.079,0.996,-0,-0,0,1]},{"Name":"Left Leg","CFrame":[0.038,0.003,0,0.996,-0.079,0,0.078,0.996,0,0,0,1]},{"Name":"Head","CFrame":[0,0,0,1,0,0,0,1,0,0,0,1]},{"Name":"Left Arm","CFrame":[0,0,0,1,-0,0,0,0.991,0.13,-0,-0.131,0.991]}]},{"Time":0.36,"Poses":[{"Name":"Torso","CFrame":[0,0,0,1,-0,0,0,0.998,0.055,-0,-0.056,0.998]},{"Name":"Right Arm","CFrame":[0,0,0,1,-0,0,0,0.991,0.13,-0,-0.131,0.991]},{"Name":"Right Leg","CFrame":[0,0,0,0.996,0.078,0,-0.079,0.996,-0,-0,0,1]},{"Name":"Left Leg","CFrame":[0.038,0.003,0,0.996,-0.079,0,0.078,0.996,0,0,0,1]},{"Name":"Head","CFrame":[0,0,0,1,0,0,0,1,0,0,0,1]},{"Name":"Left Arm","CFrame":[0,0,0,1,-0,0,0,0.991,0.13,-0,-0.131,0.991]}]},{"Time":0.43,"Poses":[{"Name":"Torso","CFrame":[0,0,0,1,-0,0,0,0.998,0.055,-0,-0.056,0.998]},{"Name":"Right Arm","CFrame":[0,0,0,1,-0,0,0,0.991,0.13,-0,-0.131,0.991]},{"Name":"Right Leg","CFrame":[0,0,0,0.996,0.078,0,-0.079,0.996,-0,-0,0,1]},{"Name":"Left Leg","CFrame":[0.038,0.003,0,0.996,-0.079,0,0.078,0.996,0,0,0,1]},{"Name":"Head","CFrame":[0,0,0,1,0,0,0,1,0,0,0,1]},{"Name":"Left Arm","CFrame":[0,0,0,1,-0,0,0,0.991,0.13,-0,-0.131,0.991]}]},{"Time":0.49,"Poses":[{"Name":"Torso","CFrame":[0,0,0,1,-0,0,0,0.998,0.055,-0,-0.056,0.998]},{"Name":"Right Arm","CFrame":[0,0,0,1,-0,0,0,0.991,0.13,-0,-0.131,0.991]},{"Name":"Right Leg","CFrame":[0,0,0,0.996,0.078,0,-0.079,0.996,-0,-0,0,1]},{"Name":"Left Leg","CFrame":[0.038,0.003,0,0.996,-0.079,0,0.078,0.996,0,0,0,1]},{"Name":"Head","CFrame":[0,0,0,1,0,0,0,1,0,0,0,1]},{"Name":"Left Arm","CFrame":[0,0,0,1,-0,0,0,0.991,0.13,-0,-0.131,0.991]}]},{"Time":0.54,"Poses":[{"Name":"Torso","CFrame":[0,0,0,1,-0,0,0,0.998,0.055,-0,-0.056,0.998]},{"Name":"Right Arm","CFrame":[0,0,0,1,-0,0,0,0.991,0.13,-0,-0.131,0.991]},{"Name":"Right Leg","CFrame":[0,0,0,0.996,0.078,0,-0.079,0.996,-0,-0,0,1]},{"Name":"Left Leg","CFrame":[0.038,0.003,0,0.996,-0.079,0,0.078,0.996,0,0,0,1]},{"Name":"Head","CFrame":[0,0,0,1,0,0,0,1,0,0,0,1]},{"Name":"Left Arm","CFrame":[0,0,0,1,-0,0,0,0.991,0.13,-0,-0.131,0.991]}]},{"Time":0.6,"Poses":[{"Name":"Torso","CFrame":[-0.001,-0.026,-0.082,0.98,-0.197,-0.016,0.196,0.98,-0.003,0.015,-0.001,0.999]},{"Name":"Right Arm","CFrame":[-0.001,0,0,0.975,-0.19,0.113,0.154,0.953,0.258,-0.158,-0.235,0.959]},{"Name":"Right Leg","CFrame":[0,0,0,0.996,0.078,0,-0.079,0.996,-0,-0,0,1]},{"Name":"Left Leg","CFrame":[0.038,0.003,0,0.996,-0.079,0,0.078,0.996,0,0,0,1]},{"Name":"Head","CFrame":[0,-0.001,-0.001,0.991,0.13,-0.03,-0.133,0.987,-0.086,0.017,0.088,0.995]},{"Name":"Left Arm","CFrame":[0.087,0.014,-0.071,0.922,0.377,0.086,-0.382,0.848,0.366,0.065,-0.372,0.926]}]},{"Time":0.65,"Poses":[{"Name":"Torso","CFrame":[-0.001,-0.158,-0.288,0.982,-0.185,0.019,0.184,0.965,-0.184,0.015,0.183,0.982]},{"Name":"Right Arm","CFrame":[-0.001,0,0,0.728,-0.685,0.019,0.561,0.613,0.554,-0.392,-0.393,0.832]},{"Name":"Right Leg","CFrame":[0,0,0,0.996,0.078,0,-0.079,0.996,-0,-0,0,1]},{"Name":"Left Leg","CFrame":[0.038,0.003,0,0.996,-0.079,0,0.078,0.996,0,0,0,1]},{"Name":"Head","CFrame":[0,-0.001,-0.001,0.996,-0.065,-0.057,0.053,0.982,-0.177,0.066,0.172,0.982]},{"Name":"Left Arm","CFrame":[0.223,0.034,-0.237,0.416,0.707,0.571,-0.872,0.131,0.472,0.259,-0.695,0.671]}]},{"Time":0.72,"Poses":[{"Name":"Torso","CFrame":[0.014,-0.108,-0.309,0.731,0.619,0.285,-0.603,0.783,-0.154,-0.319,-0.06,0.946]},{"Name":"Right Arm","CFrame":[-0.377,-0.288,-0.196,-0.15,-0.723,-0.676,0.857,0.246,-0.453,0.493,-0.647,0.582]},{"Name":"Right Leg","CFrame":[0,0,0,0.996,0.077,0,-0.078,0.996,-0,-0,0,1]},{"Name":"Left Leg","CFrame":[0.038,0.003,0,0.996,-0.078,0,0.077,0.996,0,0,0,1]},{"Name":"Head","CFrame":[0,-0.001,-0.001,0.832,-0.555,0.003,0.548,0.822,-0.154,0.082,0.129,0.988]},{"Name":"Left Arm","CFrame":[-0.854,-0.065,-0.086,0.011,0.969,0.246,-0.697,-0.17,0.696,0.717,-0.18,0.673]}]},{"Time":0.77,"Poses":[{"Name":"Torso","CFrame":[0.05,-0.065,-0.305,0.507,0.825,0.244,-0.806,0.556,-0.207,-0.307,-0.093,0.947]},{"Name":"Right Arm","CFrame":[-0.476,-0.213,-0.238,-0.144,-0.669,-0.73,0.849,0.294,-0.438,0.507,-0.683,0.525]},{"Name":"Right Leg","CFrame":[0,0,0,0.997,0.077,0,-0.078,0.997,-0,-0,0,1]},{"Name":"Left Leg","CFrame":[0.038,0.003,0,0.997,-0.078,0,0.077,0.997,0,0,0,1]},{"Name":"Head","CFrame":[0,-0.001,-0.001,0.756,-0.648,0.09,0.653,0.749,-0.102,-0.002,0.135,0.99]},{"Name":"Left Arm","CFrame":[-0.843,-0.184,-0.409,-0.338,0.8,-0.496,-0.677,0.159,0.719,0.654,0.577,0.487]}]},{"Time":0.82,"Poses":[{"Name":"Torso","CFrame":[0.076,-0.033,-0.304,0.388,0.895,0.217,-0.875,0.432,-0.219,-0.29,-0.105,0.951]},{"Name":"Right Arm","CFrame":[-0.52,-0.164,-0.255,-0.141,-0.656,-0.743,0.843,0.313,-0.437,0.518,-0.688,0.508]},{"Name":"Right Leg","CFrame":[0,0,0,0.997,0.077,0,-0.078,0.997,-0,-0,0,1]},{"Name":"Left Leg","CFrame":[0.037,0.003,0,0.997,-0.078,0,0.077,0.997,0,0,0,1]},{"Name":"Head","CFrame":[0,-0.001,-0.001,0.712,-0.69,0.13,0.7,0.71,-0.072,-0.043,0.142,0.988]},{"Name":"Left Arm","CFrame":[-0.758,-0.22,-0.494,-0.444,0.563,-0.697,-0.685,0.288,0.669,0.578,0.773,0.257]}]},{"Time":0.87,"Poses":[{"Name":"Torso","CFrame":[0.108,0.008,-0.302,0.334,0.922,0.193,-0.905,0.371,-0.208,-0.264,-0.106,0.958]},{"Name":"Right Arm","CFrame":[-0.516,-0.116,-0.25,-0.135,-0.697,-0.706,0.835,0.303,-0.459,0.532,-0.651,0.541]},{"Name":"Right Leg","CFrame":[0,0,0,0.997,0.076,0,-0.077,0.997,-0,-0,0,1]},{"Name":"Left Leg","CFrame":[0.037,0.002,0,0.997,-0.077,0,0.076,0.997,0,0,0,1]},{"Name":"Head","CFrame":[0,-0.001,-0.001,0.702,-0.698,0.138,0.709,0.702,-0.064,-0.053,0.143,0.988]},{"Name":"Left Arm","CFrame":[-0.553,-0.2,-0.4,-0.391,0.553,-0.736,-0.667,0.38,0.64,0.634,0.74,0.22]}]},{"Time":0.92,"Poses":[{"Name":"Torso","CFrame":[0.145,0.055,-0.302,0.323,0.931,0.167,-0.918,0.351,-0.185,-0.232,-0.094,0.968]},{"Name":"Right Arm","CFrame":[-0.512,-0.075,-0.245,-0.13,-0.73,-0.673,0.828,0.292,-0.477,0.544,-0.619,0.566]},{"Name":"Right Leg","CFrame":[0,0,0,0.997,0.076,0,-0.077,0.997,-0,-0,0,1]},{"Name":"Left Leg","CFrame":[0.037,0.002,0,0.997,-0.077,0,0.076,0.997,0,0,0,1]},{"Name":"Head","CFrame":[0,-0.001,-0.001,0.694,-0.705,0.145,0.716,0.695,-0.057,-0.061,0.143,0.987]},{"Name":"Left Arm","CFrame":[-0.38,-0.183,-0.322,-0.349,0.539,-0.767,-0.645,0.456,0.613,0.68,0.707,0.188]}]},{"Time":0.97,"Poses":[{"Name":"Torso","CFrame":[0.206,0.137,-0.302,0.382,0.916,0.118,-0.909,0.396,-0.133,-0.169,-0.057,0.984]},{"Name":"Right Arm","CFrame":[-0.508,-0.026,-0.239,-0.124,-0.766,-0.632,0.82,0.278,-0.499,0.557,-0.58,0.594]},{"Name":"Right Leg","CFrame":[0,0,0,0.997,0.075,0,-0.076,0.997,-0,-0,0,1]},{"Name":"Left Leg","CFrame":[0.037,0.002,0,0.997,-0.076,0,0.075,0.997,0,0,0,1]},{"Name":"Head","CFrame":[0,-0.001,-0.001,0.684,-0.713,0.153,0.725,0.686,-0.049,-0.071,0.144,0.986]},{"Name":"Left Arm","CFrame":[-0.176,-0.163,-0.228,-0.302,0.515,-0.803,-0.612,0.541,0.577,0.732,0.664,0.151]}]},{"Time":1.01,"Poses":[{"Name":"Torso","CFrame":[0.239,0.18,-0.302,0.412,0.906,0.089,-0.901,0.42,-0.106,-0.134,-0.038,0.99]},{"Name":"Right Arm","CFrame":[-0.506,0,-0.237,-0.121,-0.785,-0.609,0.816,0.27,-0.511,0.564,-0.558,0.608]},{"Name":"Right Leg","CFrame":[-0.001,-0.001,0,0.997,0.075,0,-0.076,0.997,-0,-0,0,1]},{"Name":"Left Leg","CFrame":[0.037,0.002,0,0.997,-0.076,0,0.075,0.997,0,0,0,1]},{"Name":"Head","CFrame":[0,-0.001,-0.001,0.679,-0.717,0.157,0.729,0.682,-0.045,-0.076,0.145,0.986]},{"Name":"Left Arm","CFrame":[-0.065,-0.152,-0.178,-0.278,0.499,-0.821,-0.59,0.585,0.556,0.758,0.638,0.131]}]},{"Time":1.06,"Poses":[{"Name":"Torso","CFrame":[0.199,0.15,-0.251,0.573,0.814,0.088,-0.812,0.579,-0.075,-0.112,-0.03,0.993]},{"Name":"Right Arm","CFrame":[-0.421,0,-0.197,0.141,-0.778,-0.613,0.818,0.44,-0.369,0.556,-0.45,0.698]},{"Name":"Right Leg","CFrame":[0,0,0,0.997,0.074,0,-0.075,0.997,-0,-0,0,1]},{"Name":"Left Leg","CFrame":[0.036,0.002,0,0.997,-0.075,0,0.074,0.997,0,0,0,1]},{"Name":"Head","CFrame":[0,-0.001,-0.001,0.773,-0.621,0.129,0.629,0.775,-0.047,-0.073,0.117,0.99]},{"Name":"Left Arm","CFrame":[-0.055,-0.127,-0.149,0,0.545,-0.839,-0.591,0.677,0.439,0.807,0.494,0.322]}]},{"Time":1.1,"Poses":[{"Name":"Torso","CFrame":[0.166,0.125,-0.21,0.696,0.713,0.083,-0.712,0.7,-0.049,-0.093,-0.026,0.995]},{"Name":"Right Arm","CFrame":[-0.351,0,-0.164,0.369,-0.727,-0.58,0.771,0.587,-0.244,0.517,-0.358,0.777]},{"Name":"Right Leg","CFrame":[0,0,0,0.997,0.074,0,-0.075,0.997,-0,-0,0,1]},{"Name":"Left Leg","CFrame":[0.036,0.002,0,0.997,-0.075,0,0.074,0.997,0,0,0,1]},{"Name":"Head","CFrame":[0,-0.001,-0.001,0.84,-0.531,0.106,0.537,0.842,-0.046,-0.066,0.095,0.993]},{"Name":"Left Arm","CFrame":[-0.046,-0.106,-0.124,0.256,0.543,-0.8,-0.555,0.76,0.339,0.792,0.355,0.496]}]},{"Time":1.15,"Poses":[{"Name":"Torso","CFrame":[0.129,0.097,-0.164,0.812,0.578,0.072,-0.579,0.815,-0.021,-0.071,-0.025,0.997]},{"Name":"Right Arm","CFrame":[-0.274,0,-0.128,0.605,-0.62,-0.501,0.663,0.739,-0.113,0.439,-0.264,0.858]},{"Name":"Right Leg","CFrame":[0,0,0,0.997,0.073,0,-0.074,0.997,-0,-0,0,1]},{"Name":"Left Leg","CFrame":[0.036,0.002,0,0.997,-0.074,0,0.073,0.997,0,0,0,1]},{"Name":"Head","CFrame":[0,-0.001,-0.001,0.901,-0.425,0.081,0.428,0.902,-0.041,-0.057,0.071,0.995]},{"Name":"Left Arm","CFrame":[-0.036,-0.082,-0.097,0.531,0.489,-0.692,-0.473,0.848,0.238,0.703,0.199,0.682]}]},{"Time":1.2,"Poses":[{"Name":"Torso","CFrame":[0.083,0.062,-0.105,0.923,0.379,0.05,-0.381,0.924,0.01,-0.043,-0.03,0.998]},{"Name":"Right Arm","CFrame":[-0.176,0,-0.082,0.84,-0.42,-0.343,0.453,0.891,0.021,0.296,-0.174,0.939]},{"Name":"Right Leg","CFrame":[0,0,0,0.997,0.072,0,-0.073,0.997,-0,-0,0,1]},{"Name":"Left Leg","CFrame":[0.035,0.002,0,0.997,-0.073,0,0.072,0.997,0,0,0,1]},{"Name":"Head","CFrame":[0,-0.001,-0.001,0.959,-0.278,0.05,0.279,0.959,-0.031,-0.04,0.042,0.998]},{"Name":"Left Arm","CFrame":[-0.023,-0.053,-0.062,0.811,0.347,-0.47,-0.316,0.937,0.147,0.491,0.028,0.87]}]},{"Time":1.27,"Poses":[{"Name":"Torso","CFrame":[0.029,0.022,-0.038,0.99,0.136,0.019,-0.137,0.989,0.038,-0.015,-0.042,0.999]},{"Name":"Right Arm","CFrame":[-0.064,0,-0.03,0.981,-0.15,-0.124,0.162,0.98,0.107,0.104,-0.126,0.986]},{"Name":"Right Leg","CFrame":[0,0,0,0.997,0.071,0,-0.072,0.997,-0,-0,0,1]},{"Name":"Left Leg","CFrame":[0.035,0.002,0,0.997,-0.072,0,0.071,0.997,0,0,0,1]},{"Name":"Head","CFrame":[0,-0.001,-0.001,0.994,-0.102,0.017,0.101,0.994,-0.013,-0.016,0.014,0.999]},{"Name":"Left Arm","CFrame":[-0.009,-0.019,-0.023,0.978,0.126,-0.165,-0.11,0.987,0.112,0.177,-0.093,0.979]}]},{"Time":1.33,"Poses":[{"Name":"Torso","CFrame":[0,0,0,1,-0,0,0,0.998,0.05,-0,-0.051,0.998]},{"Name":"Right Arm","CFrame":[0,0,0,1,-0,0,0,0.992,0.122,-0,-0.123,0.992]},{"Name":"Right Leg","CFrame":[-0.001,-0.001,0,0.997,0.07,0,-0.071,0.997,-0,-0,0,1]},{"Name":"Left Leg","CFrame":[0.034,0.002,0,0.997,-0.071,0,0.07,0.997,0,0,0,1]},{"Name":"Head","CFrame":[0,0,0,1,0,0,0,1,0,0,0,1]},{"Name":"Left Arm","CFrame":[0,0,0,1,-0,0,0,0.992,0.121,-0,-0.122,0.992]}]},{"Time":1.37,"Poses":[{"Name":"Torso","CFrame":[0,0,0,1,-0,0,0,0.998,0.049,-0,-0.05,0.998]},{"Name":"Right Arm","CFrame":[0,0,0,1,-0,0,0,0.992,0.121,-0,-0.122,0.992]},{"Name":"Right Leg","CFrame":[0,0,0,0.997,0.07,0,-0.071,0.997,-0,-0,0,1]},{"Name":"Left Leg","CFrame":[0.034,0.002,0,0.997,-0.071,0,0.07,0.997,0,0,0,1]},{"Name":"Head","CFrame":[0,0,0,1,0,0,0,1,0,0,0,1]},{"Name":"Left Arm","CFrame":[0,0,0,1,-0,0,0,0.992,0.12,-0,-0.121,0.992]}]},{"Time":1.43,"Poses":[{"Name":"Torso","CFrame":[0,0,0,1,-0,0,0,0.998,0.049,-0,-0.05,0.998]},{"Name":"Right Arm","CFrame":[0,0,0,1,-0,0,0,0.992,0.12,-0,-0.121,0.992]},{"Name":"Right Leg","CFrame":[0,0,0,0.997,0.069,0,-0.07,0.997,-0,-0,0,1]},{"Name":"Left Leg","CFrame":[0.034,0.002,0,0.997,-0.07,0,0.069,0.997,0,0,0,1]},{"Name":"Head","CFrame":[0,0,0,1,0,0,0,1,0,0,0,1]},{"Name":"Left Arm","CFrame":[0,0,0,1,-0,0,0,0.992,0.119,-0,-0.12,0.992]}]},{"Time":1.49,"Poses":[{"Name":"Torso","CFrame":[0,0,0,1,-0,0,0,0.998,0.048,-0,-0.049,0.998]},{"Name":"Right Arm","CFrame":[0,0,0,1,-0,0,0,0.992,0.119,-0,-0.12,0.992]},{"Name":"Right Leg","CFrame":[0,0,0,0.997,0.068,0,-0.069,0.997,-0,-0,0,1]},{"Name":"Left Leg","CFrame":[0.033,0.002,0,0.997,-0.069,0,0.068,0.997,0,0,0,1]},{"Name":"Head","CFrame":[0,0,0,1,0,0,0,1,0,0,0,1]},{"Name":"Left Arm","CFrame":[0,0,0,1,-0,0,0,0.992,0.118,-0,-0.119,0.992]}]},{"Time":1.54,"Poses":[{"Name":"Torso","CFrame":[0,0,0,1,-0,0,0,0.998,0.047,-0,-0.048,0.998]},{"Name":"Right Arm","CFrame":[0,0,0,1,-0,0,0,0.992,0.118,-0,-0.119,0.992]},{"Name":"Right Leg","CFrame":[0,0,0,0.997,0.067,0,-0.068,0.997,-0,-0,0,1]},{"Name":"Left Leg","CFrame":[0.033,0.002,0,0.997,-0.068,0,0.067,0.997,0,0,0,1]},{"Name":"Head","CFrame":[0,0,0,1,0,0,0,1,0,0,0,1]},{"Name":"Left Arm","CFrame":[0,0,0,1,-0,0,0,0.993,0.117,-0,-0.118,0.993]}]}]}
