{"Keyframes":[{"Time":0.05,"Poses":[{"Name":"Right Arm","CFrame":[-0.416,-0.316,-0.531,0.916,0.082,-0.392,0.174,0.797,0.577,0.36,-0.598,0.716]},{"Name":"Left Arm","CFrame":[-0.284,0.001,0.205,0.879,0.472,0.053,-0.293,0.449,0.843,0.374,-0.758,0.534]},{"Name":"Right Leg","CFrame":[0.478,0.243,-0.065,0.938,-0.299,0.174,0.272,0.948,0.16,-0.214,-0.103,0.971]},{"Name":"Left Leg","CFrame":[0.225,-0.108,0.091,0.885,-0.353,0.302,0.358,0.932,0.035,-0.295,0.076,0.952]},{"Name":"Head","CFrame":[-0.001,-0.001,-0.001,0.895,-0.434,0.098,0.444,0.883,-0.151,-0.022,0.178,0.983]},{"Name":"Torso","CFrame":[-0.416,-3.903,-0.31,0.19,-0.976,0.109,0.98,0.194,0.027,-0.049,0.102,0.993]},{"Name":"primary","CFrame":[1.377,-2.354,-3.63,0.413,0.209,-0.886,-0.365,0.929,0.05,0.834,0.301,0.461]}]},{"Time":0.1,"Poses":[{"Name":"Right Arm","CFrame":[-0.546,-0.47,-0.641,0.712,0.392,-0.582,0.307,0.57,0.761,0.63,-0.722,0.285]},{"Name":"Left Arm","CFrame":[-0.438,-0.024,0.347,0.735,0.627,0.256,-0.267,-0.081,0.96,0.622,-0.775,0.108]},{"Name":"Right Leg","CFrame":[0.736,0.323,-0.092,0.88,-0.41,0.238,0.349,0.9,0.257,-0.321,-0.144,0.936]},{"Name":"Left Leg","CFrame":[0.348,-0.138,0.129,0.774,-0.479,0.413,0.469,0.873,0.13,-0.424,0.093,0.9]},{"Name":"Head","CFrame":[-0.001,-0.001,-0.001,0.775,-0.607,0.174,0.63,0.734,-0.25,0.023,0.303,0.952]},{"Name":"Torso","CFrame":[-0.623,-5.842,-0.431,-0.482,-0.869,0.113,0.875,-0.473,0.098,-0.033,0.147,0.988]},{"Name":"primary","CFrame":[2.084,-3.527,-5.563,-0.144,0.014,-0.99,-0.457,0.886,0.078,0.878,0.463,-0.121]}]},{"Time":0.12,"Poses":[{"Name":"Right Arm","CFrame":[-0.498,-0.471,-0.564,0.703,0.438,-0.56,0.248,0.586,0.771,0.666,-0.682,0.303]},{"Name":"Left Arm","CFrame":[-0.444,-0.03,0.343,0.688,0.656,0.307,-0.284,-0.147,0.947,0.667,-0.74,0.085]},{"Name":"Right Leg","CFrame":[0.752,0.291,-0.087,0.88,-0.41,0.238,0.349,0.901,0.256,-0.32,-0.143,0.936]},{"Name":"Left Leg","CFrame":[0.354,-0.121,0.124,0.801,-0.441,0.403,0.415,0.896,0.152,-0.43,0.045,0.902]},{"Name":"Head","CFrame":[-0.001,-0.001,-0.001,0.777,-0.605,0.17,0.627,0.733,-0.262,0.032,0.31,0.949]},{"Name":"Torso","CFrame":[-0.623,-5.826,-0.403,-0.509,-0.854,0.114,0.859,-0.496,0.126,-0.052,0.163,0.985]},{"Name":"primary","CFrame":[2.001,-3.501,-5.62,-0.122,-0.015,-0.993,-0.455,0.889,0.042,0.882,0.456,-0.116]}]},{"Time":0.15,"Poses":[{"Name":"Right Arm","CFrame":[-0.462,-0.472,-0.506,0.693,0.472,-0.544,0.203,0.595,0.777,0.69,-0.65,0.316]},{"Name":"Left Arm","CFrame":[-0.448,-0.034,0.34,0.662,0.675,0.324,-0.286,-0.174,0.942,0.692,-0.717,0.077]},{"Name":"Right Leg","CFrame":[0.752,0.293,-0.088,0.876,-0.414,0.247,0.359,0.902,0.236,-0.321,-0.118,0.939]},{"Name":"Left Leg","CFrame":[0.352,-0.092,0.121,0.808,-0.437,0.394,0.401,0.899,0.173,-0.431,0.018,0.902]},{"Name":"Head","CFrame":[-0.001,-0.001,-0.001,0.78,-0.604,0.162,0.624,0.744,-0.235,0.02,0.284,0.958]},{"Name":"Torso","CFrame":[-0.623,-5.835,-0.404,-0.514,-0.851,0.111,0.855,-0.499,0.141,-0.065,0.168,0.983]},{"Name":"primary","CFrame":[1.997,-3.494,-5.655,-0.134,-0.068,-0.989,-0.461,0.887,0.001,0.877,0.455,-0.151]}]},{"Time":0.18,"Poses":[{"Name":"Right Arm","CFrame":[-0.413,-0.473,-0.429,0.677,0.517,-0.523,0.143,0.603,0.784,0.721,-0.607,0.334]},{"Name":"Left Arm","CFrame":[-0.453,-0.04,0.335,0.638,0.699,0.32,-0.278,-0.18,0.943,0.717,-0.692,0.079]},{"Name":"Right Leg","CFrame":[0.752,0.296,-0.089,0.87,-0.42,0.259,0.373,0.903,0.209,-0.322,-0.086,0.942]},{"Name":"Left Leg","CFrame":[0.348,-0.054,0.118,0.816,-0.432,0.382,0.382,0.901,0.2,-0.432,-0.018,0.901]},{"Name":"Head","CFrame":[-0.001,-0.001,-0.001,0.783,-0.603,0.15,0.62,0.758,-0.199,0.005,0.249,0.968]},{"Name":"Torso","CFrame":[-0.623,-5.847,-0.404,-0.521,-0.847,0.106,0.849,-0.503,0.16,-0.083,0.174,0.981]},{"Name":"primary","CFrame":[1.992,-3.486,-5.701,-0.151,-0.139,-0.979,-0.468,0.882,-0.053,0.87,0.45,-0.198]}]},{"Time":0.21,"Poses":[{"Name":"Right Arm","CFrame":[-0.418,-0.469,-0.372,0.686,0.52,-0.508,0.163,0.57,0.805,0.708,-0.636,0.306]},{"Name":"Left Arm","CFrame":[-0.473,-0.04,0.31,0.631,0.697,0.337,-0.295,-0.187,0.937,0.717,-0.692,0.087]},{"Name":"Right Leg","CFrame":[0.747,0.305,-0.09,0.865,-0.431,0.256,0.383,0.898,0.213,-0.323,-0.087,0.942]},{"Name":"Left Leg","CFrame":[0.344,-0.047,0.118,0.829,-0.41,0.38,0.355,0.911,0.205,-0.432,-0.036,0.901]},{"Name":"Head","CFrame":[-0.001,-0.001,-0.001,0.775,-0.613,0.155,0.631,0.753,-0.183,-0.005,0.239,0.97]},{"Name":"Torso","CFrame":[-0.61,-5.853,-0.407,-0.536,-0.837,0.117,0.84,-0.514,0.171,-0.084,0.19,0.978]},{"Name":"primary","CFrame":[1.936,-3.452,-5.801,-0.147,-0.12,-0.983,-0.501,0.865,-0.031,0.853,0.486,-0.187]}]},{"Time":0.24,"Poses":[{"Name":"Right Arm","CFrame":[-0.433,-0.464,-0.309,0.701,0.515,-0.492,0.197,0.522,0.829,0.684,-0.68,0.264]},{"Name":"Left Arm","CFrame":[-0.499,-0.039,0.277,0.626,0.69,0.361,-0.319,-0.196,0.927,0.711,-0.696,0.097]},{"Name":"Right Leg","CFrame":[0.741,0.317,-0.092,0.859,-0.445,0.251,0.395,0.89,0.223,-0.324,-0.093,0.941]},{"Name":"Left Leg","CFrame":[0.339,-0.044,0.119,0.843,-0.381,0.38,0.322,0.923,0.207,-0.431,-0.053,0.901]},{"Name":"Head","CFrame":[-0.001,-0.001,-0.001,0.762,-0.626,0.162,0.646,0.744,-0.169,-0.017,0.233,0.972]},{"Name":"Torso","CFrame":[-0.593,-5.858,-0.41,-0.554,-0.823,0.131,0.829,-0.529,0.183,-0.082,0.21,0.974]},{"Name":"primary","CFrame":[1.861,-3.408,-5.927,-0.141,-0.083,-0.987,-0.542,0.84,0.006,0.829,0.534,-0.163]}]},{"Time":0.27,"Poses":[{"Name":"Right Arm","CFrame":[-0.446,-0.459,-0.254,0.714,0.51,-0.479,0.226,0.477,0.848,0.661,-0.716,0.225]},{"Name":"Left Arm","CFrame":[-0.521,-0.038,0.248,0.601,0.704,0.375,-0.332,-0.208,0.92,0.726,-0.679,0.108]},{"Name":"Right Leg","CFrame":[0.735,0.328,-0.093,0.854,-0.457,0.246,0.405,0.884,0.232,-0.324,-0.099,0.941]},{"Name":"Left Leg","CFrame":[0.335,-0.042,0.119,0.854,-0.355,0.38,0.293,0.932,0.209,-0.43,-0.068,0.9]},{"Name":"Head","CFrame":[-0.001,-0.001,-0.001,0.751,-0.638,0.169,0.658,0.736,-0.156,-0.026,0.228,0.973]},{"Name":"Torso","CFrame":[-0.577,-5.863,-0.414,-0.569,-0.81,0.143,0.818,-0.541,0.193,-0.08,0.227,0.97]},{"Name":"primary","CFrame":[1.797,-3.369,-6.037,-0.138,-0.051,-0.99,-0.577,0.816,0.038,0.805,0.575,-0.142]}]},{"Time":0.31,"Poses":[{"Name":"Right Arm","CFrame":[-0.461,-0.454,-0.191,0.728,0.504,-0.464,0.258,0.424,0.867,0.634,-0.753,0.179]},{"Name":"Left Arm","CFrame":[-0.547,-0.038,0.215,0.564,0.727,0.389,-0.342,-0.224,0.912,0.751,-0.649,0.122]},{"Name":"Right Leg","CFrame":[0.738,0.324,-0.093,0.847,-0.471,0.245,0.419,0.877,0.233,-0.325,-0.095,0.941]},{"Name":"Left Leg","CFrame":[0.331,-0.041,0.12,0.86,-0.338,0.381,0.275,0.938,0.208,-0.429,-0.075,0.9]},{"Name":"Head","CFrame":[-0.001,-0.001,-0.001,0.74,-0.643,0.196,0.67,0.725,-0.155,-0.043,0.246,0.968]},{"Name":"Torso","CFrame":[-0.569,-5.878,-0.403,-0.571,-0.807,0.154,0.818,-0.542,0.193,-0.073,0.236,0.968]},{"Name":"primary","CFrame":[1.722,-3.325,-6.163,-0.138,-0.015,-0.991,-0.616,0.784,0.074,0.776,0.619,-0.117]}]},{"Time":0.33,"Poses":[{"Name":"Right Arm","CFrame":[-0.47,-0.46,-0.191,0.749,0.47,-0.466,0.299,0.386,0.872,0.59,-0.794,0.148]},{"Name":"Left Arm","CFrame":[-0.566,-0.037,0.191,0.543,0.746,0.383,-0.351,-0.214,0.911,0.762,-0.63,0.146]},{"Name":"Right Leg","CFrame":[0.743,0.313,-0.091,0.841,-0.481,0.246,0.43,0.872,0.229,-0.326,-0.088,0.941]},{"Name":"Left Leg","CFrame":[0.329,-0.041,0.121,0.862,-0.331,0.382,0.269,0.94,0.206,-0.429,-0.076,0.9]},{"Name":"Head","CFrame":[-0.001,-0.001,-0.001,0.732,-0.643,0.224,0.678,0.717,-0.162,-0.058,0.27,0.961]},{"Name":"Torso","CFrame":[-0.567,-5.893,-0.389,-0.565,-0.81,0.161,0.822,-0.536,0.188,-0.066,0.239,0.968]},{"Name":"primary","CFrame":[1.661,-3.296,-6.216,-0.195,0.043,-0.98,-0.619,0.77,0.156,0.761,0.636,-0.124]}]},{"Time":0.35,"Poses":[{"Name":"Right Arm","CFrame":[-0.478,-0.476,-0.238,0.775,0.407,-0.482,0.356,0.346,0.867,0.52,-0.845,0.123]},{"Name":"Left Arm","CFrame":[-0.585,-0.036,0.166,0.529,0.767,0.362,-0.364,-0.182,0.913,0.766,-0.616,0.182]},{"Name":"Right Leg","CFrame":[0.749,0.302,-0.09,0.835,-0.491,0.248,0.442,0.867,0.226,-0.327,-0.08,0.941]},{"Name":"Left Leg","CFrame":[0.326,-0.041,0.122,0.864,-0.325,0.383,0.262,0.942,0.204,-0.429,-0.077,0.9]},{"Name":"Head","CFrame":[-0.001,0,-0.001,0.724,-0.642,0.253,0.685,0.708,-0.168,-0.073,0.294,0.952]},{"Name":"Torso","CFrame":[-0.564,-5.909,-0.375,-0.559,-0.813,0.169,0.827,-0.531,0.182,-0.059,0.241,0.968]},{"Name":"primary","CFrame":[1.593,-3.269,-6.229,-0.307,0.127,-0.944,-0.585,0.757,0.292,0.751,0.64,-0.158]}]},{"Time":0.37,"Poses":[{"Name":"Right Arm","CFrame":[-0.484,-0.489,-0.278,0.792,0.355,-0.497,0.401,0.307,0.862,0.458,-0.883,0.101]},{"Name":"Left Arm","CFrame":[-0.601,-0.033,0.144,0.507,0.782,0.36,-0.39,-0.165,0.906,0.768,-0.601,0.22]},{"Name":"Right Leg","CFrame":[0.749,0.301,-0.09,0.833,-0.494,0.247,0.445,0.866,0.227,-0.327,-0.08,0.941]},{"Name":"Left Leg","CFrame":[0.326,-0.044,0.122,0.864,-0.324,0.385,0.264,0.943,0.199,-0.429,-0.071,0.9]},{"Name":"Head","CFrame":[-0.001,0,-0.001,0.716,-0.645,0.266,0.693,0.701,-0.165,-0.082,0.302,0.949]},{"Name":"Torso","CFrame":[-0.563,-5.912,-0.371,-0.553,-0.816,0.173,0.831,-0.527,0.177,-0.054,0.242,0.968]},{"Name":"primary","CFrame":[1.522,-3.225,-6.23,-0.458,0.198,-0.867,-0.525,0.726,0.443,0.717,0.657,-0.229]}]},{"Time":0.4,"Poses":[{"Name":"Right Arm","CFrame":[-0.492,-0.508,-0.334,0.807,0.281,-0.518,0.46,0.246,0.852,0.368,-0.928,0.069]},{"Name":"Left Arm","CFrame":[-0.622,-0.021,0.111,0.455,0.8,0.389,-0.457,-0.166,0.873,0.764,-0.577,0.29]},{"Name":"Right Leg","CFrame":[0.741,0.316,-0.092,0.838,-0.488,0.243,0.436,0.868,0.235,-0.326,-0.092,0.941]},{"Name":"Left Leg","CFrame":[0.329,-0.053,0.123,0.858,-0.332,0.39,0.279,0.942,0.184,-0.43,-0.05,0.901]},{"Name":"Head","CFrame":[-0.001,-0.001,-0.001,0.704,-0.659,0.264,0.704,0.694,-0.146,-0.088,0.288,0.953]},{"Name":"Torso","CFrame":[-0.563,-5.894,-0.38,-0.546,-0.82,0.175,0.836,-0.521,0.17,-0.049,0.239,0.969]},{"Name":"primary","CFrame":[1.39,-3.115,-6.211,-0.75,0.263,-0.607,-0.334,0.64,0.691,0.571,0.721,-0.393]}]},{"Time":0.42,"Poses":[{"Name":"Right Arm","CFrame":[-0.496,-0.516,-0.357,0.81,0.243,-0.534,0.487,0.225,0.843,0.325,-0.944,0.064]},{"Name":"Left Arm","CFrame":[-0.633,-0.014,0.092,0.423,0.81,0.405,-0.495,-0.169,0.852,0.759,-0.562,0.328]},{"Name":"Right Leg","CFrame":[0.737,0.325,-0.093,0.841,-0.484,0.24,0.431,0.869,0.239,-0.326,-0.098,0.94]},{"Name":"Left Leg","CFrame":[0.331,-0.058,0.123,0.855,-0.337,0.394,0.288,0.941,0.176,-0.431,-0.037,0.902]},{"Name":"Head","CFrame":[-0.001,-0.001,-0.001,0.697,-0.667,0.262,0.71,0.69,-0.135,-0.092,0.28,0.955]},{"Name":"Torso","CFrame":[-0.563,-5.884,-0.385,-0.541,-0.823,0.176,0.839,-0.517,0.165,-0.045,0.238,0.97]},{"Name":"primary","CFrame":[1.334,-3.084,-6.192,-0.894,0.25,-0.374,-0.164,0.592,0.788,0.419,0.765,-0.488]}]},{"Time":0.44,"Poses":[{"Name":"Right Arm","CFrame":[-0.496,-0.516,-0.357,0.805,0.212,-0.554,0.501,0.252,0.827,0.315,-0.944,0.096]},{"Name":"Left Arm","CFrame":[-0.645,-0.007,0.073,0.389,0.82,0.418,-0.523,-0.178,0.833,0.758,-0.544,0.359]},{"Name":"Right Leg","CFrame":[0.732,0.334,-0.095,0.844,-0.48,0.238,0.426,0.871,0.244,-0.325,-0.105,0.939]},{"Name":"Left Leg","CFrame":[0.333,-0.062,0.123,0.852,-0.341,0.397,0.297,0.939,0.167,-0.431,-0.025,0.902]},{"Name":"Head","CFrame":[-0.001,-0.001,-0.001,0.69,-0.675,0.261,0.717,0.685,-0.124,-0.096,0.272,0.957]},{"Name":"Torso","CFrame":[-0.563,-5.874,-0.39,-0.537,-0.825,0.178,0.842,-0.514,0.161,-0.042,0.236,0.97]},{"Name":"primary","CFrame":[1.338,-3.144,-6.15,-0.982,0.189,0.02,0.128,0.574,0.808,0.141,0.795,-0.589]}]},{"Time":0.46,"Poses":[{"Name":"Right Arm","CFrame":[-0.496,-0.516,-0.357,0.797,0.173,-0.578,0.52,0.284,0.805,0.304,-0.943,0.136]},{"Name":"Left Arm","CFrame":[-0.66,0.001,0.05,0.343,0.834,0.431,-0.53,-0.208,0.822,0.775,-0.512,0.37]},{"Name":"Right Leg","CFrame":[0.729,0.34,-0.096,0.847,-0.475,0.236,0.419,0.873,0.247,-0.325,-0.111,0.939]},{"Name":"Left Leg","CFrame":[0.336,-0.069,0.123,0.848,-0.347,0.399,0.306,0.937,0.162,-0.431,-0.016,0.902]},{"Name":"Head","CFrame":[-0.001,-0.001,-0.001,0.682,-0.685,0.255,0.724,0.679,-0.116,-0.095,0.263,0.959]},{"Name":"Torso","CFrame":[-0.563,-5.864,-0.394,-0.535,-0.827,0.177,0.844,-0.512,0.159,-0.041,0.234,0.971]},{"Name":"primary","CFrame":[1.342,-3.22,-6.098,-0.848,0.159,0.505,0.496,0.571,0.653,-0.185,0.804,-0.564]}]},{"Time":0.48,"Poses":[{"Name":"Right Arm","CFrame":[-0.496,-0.516,-0.357,0.762,0.246,-0.599,0.488,0.388,0.781,0.424,-0.889,0.175]},{"Name":"Left Arm","CFrame":[-0.675,0.009,0.026,0.296,0.845,0.444,-0.536,-0.238,0.81,0.79,-0.479,0.382]},{"Name":"Right Leg","CFrame":[0.729,0.34,-0.096,0.851,-0.469,0.236,0.413,0.876,0.247,-0.324,-0.114,0.939]},{"Name":"Left Leg","CFrame":[0.338,-0.075,0.123,0.846,-0.353,0.398,0.311,0.935,0.166,-0.432,-0.017,0.902]},{"Name":"Head","CFrame":[-0.001,-0.001,-0.001,0.676,-0.696,0.242,0.731,0.672,-0.116,-0.084,0.255,0.963]},{"Name":"Torso","CFrame":[-0.563,-5.858,-0.394,-0.537,-0.826,0.173,0.842,-0.514,0.161,-0.045,0.233,0.971]},{"Name":"primary","CFrame":[1.515,-3.307,-6.024,-0.475,0.204,0.856,0.765,0.576,0.286,-0.435,0.791,-0.43]}]},{"Time":0.5,"Poses":[{"Name":"Right Arm","CFrame":[-0.496,-0.516,-0.357,0.656,0.411,-0.632,0.38,0.542,0.748,0.651,-0.733,0.199]},{"Name":"Left Arm","CFrame":[-0.692,0.019,-0.002,0.247,0.861,0.443,-0.568,-0.243,0.787,0.785,-0.447,0.428]},{"Name":"Right Leg","CFrame":[0.729,0.34,-0.096,0.855,-0.461,0.236,0.405,0.879,0.247,-0.323,-0.117,0.939]},{"Name":"Left Leg","CFrame":[0.341,-0.082,0.123,0.844,-0.361,0.397,0.317,0.932,0.17,-0.432,-0.018,0.901]},{"Name":"Head","CFrame":[-0.001,-0.001,-0.001,0.669,-0.708,0.227,0.739,0.662,-0.116,-0.07,0.245,0.966]},{"Name":"Torso","CFrame":[-0.563,-5.85,-0.395,-0.539,-0.826,0.168,0.84,-0.516,0.164,-0.05,0.23,0.971]},{"Name":"primary","CFrame":[1.858,-3.421,-5.918,0.129,0.354,0.925,0.807,0.503,-0.307,-0.576,0.787,-0.222]}]},{"Time":0.51,"Poses":[{"Name":"Right Arm","CFrame":[-0.496,-0.516,-0.357,0.584,0.484,-0.651,0.314,0.603,0.732,0.747,-0.634,0.2]},{"Name":"Left Arm","CFrame":[-0.701,0.024,-0.016,0.223,0.869,0.441,-0.586,-0.243,0.773,0.779,-0.432,0.454]},{"Name":"Right Leg","CFrame":[0.73,0.34,-0.096,0.857,-0.457,0.236,0.401,0.881,0.247,-0.323,-0.118,0.939]},{"Name":"Left Leg","CFrame":[0.343,-0.086,0.123,0.842,-0.365,0.396,0.321,0.931,0.172,-0.432,-0.019,0.901]},{"Name":"Head","CFrame":[-0.001,-0.001,-0.001,0.665,-0.714,0.22,0.743,0.658,-0.116,-0.064,0.24,0.968]},{"Name":"Torso","CFrame":[-0.563,-5.846,-0.395,-0.541,-0.825,0.166,0.839,-0.517,0.166,-0.052,0.229,0.971]},{"Name":"primary","CFrame":[2.029,-3.478,-5.865,0.412,0.436,0.799,0.702,0.406,-0.585,-0.58,0.802,-0.139]}]},{"Time":0.54,"Poses":[{"Name":"Right Arm","CFrame":[-0.532,-0.496,-0.394,0.552,0.571,-0.608,0.262,0.572,0.777,0.791,-0.589,0.165]},{"Name":"Left Arm","CFrame":[-0.716,0.033,-0.04,0.182,0.881,0.435,-0.615,-0.244,0.75,0.767,-0.405,0.496]},{"Name":"Right Leg","CFrame":[0.73,0.34,-0.096,0.86,-0.451,0.237,0.394,0.884,0.247,-0.322,-0.12,0.939]},{"Name":"Left Leg","CFrame":[0.345,-0.092,0.123,0.84,-0.371,0.395,0.326,0.928,0.176,-0.433,-0.02,0.901]},{"Name":"Head","CFrame":[-0.001,-0.001,-0.001,0.658,-0.723,0.208,0.75,0.65,-0.116,-0.053,0.232,0.971]},{"Name":"Torso","CFrame":[-0.563,-5.84,-0.395,-0.543,-0.825,0.162,0.838,-0.519,0.169,-0.056,0.227,0.972]},{"Name":"primary","CFrame":[2.2,-3.361,-5.854,0.906,-0.031,0.42,0.412,0.276,-0.869,-0.09,0.96,0.263]}]},{"Time":0.56,"Poses":[{"Name":"Right Arm","CFrame":[-0.569,-0.476,-0.432,0.511,0.652,-0.56,0.214,0.533,0.818,0.831,-0.539,0.132]},{"Name":"Left Arm","CFrame":[-0.691,0.031,-0.048,0.14,0.89,0.431,-0.638,-0.253,0.727,0.757,-0.378,0.532]},{"Name":"Right Leg","CFrame":[0.732,0.335,-0.096,0.863,-0.445,0.237,0.388,0.887,0.247,-0.321,-0.122,0.939]},{"Name":"Left Leg","CFrame":[0.344,-0.089,0.123,0.841,-0.37,0.393,0.322,0.928,0.181,-0.433,-0.026,0.901]},{"Name":"Head","CFrame":[-0.001,-0.001,-0.001,0.652,-0.729,0.208,0.755,0.644,-0.114,-0.052,0.231,0.971]},{"Name":"Torso","CFrame":[-0.563,-5.833,-0.392,-0.547,-0.823,0.158,0.835,-0.522,0.172,-0.06,0.226,0.972]},{"Name":"primary","CFrame":[2.371,-3.244,-5.844,0.833,-0.536,-0.138,-0.018,0.224,-0.975,0.552,0.814,0.177]}]},{"Time":0.58,"Poses":[{"Name":"Right Arm","CFrame":[-0.605,-0.456,-0.469,0.464,0.726,-0.507,0.171,0.487,0.856,0.868,-0.485,0.101]},{"Name":"Left Arm","CFrame":[-0.608,0.012,-0.034,0.095,0.896,0.431,-0.654,-0.271,0.706,0.75,-0.35,0.56]},{"Name":"Right Leg","CFrame":[0.738,0.323,-0.094,0.866,-0.439,0.238,0.383,0.89,0.245,-0.321,-0.121,0.939]},{"Name":"Left Leg","CFrame":[0.337,-0.072,0.123,0.848,-0.359,0.389,0.307,0.932,0.189,-0.432,-0.041,0.901]},{"Name":"Head","CFrame":[-0.001,-0.001,-0.001,0.648,-0.727,0.227,0.758,0.641,-0.111,-0.067,0.244,0.967]},{"Name":"Torso","CFrame":[-0.563,-5.826,-0.382,-0.553,-0.819,0.154,0.83,-0.528,0.178,-0.065,0.226,0.971]},{"Name":"primary","CFrame":[2.542,-3.127,-5.833,0.263,-0.871,-0.417,-0.449,0.271,-0.852,0.853,0.411,-0.319]}]},{"Time":0.6,"Poses":[{"Name":"Right Arm","CFrame":[-0.63,-0.47,-0.524,0.519,0.698,-0.492,0.216,0.448,0.867,0.826,-0.558,0.081]},{"Name":"Left Arm","CFrame":[-0.524,-0.006,-0.02,0.05,0.901,0.43,-0.668,-0.291,0.685,0.742,-0.322,0.586]},{"Name":"Right Leg","CFrame":[0.744,0.31,-0.093,0.869,-0.433,0.239,0.377,0.893,0.243,-0.32,-0.121,0.939]},{"Name":"Left Leg","CFrame":[0.33,-0.055,0.123,0.854,-0.348,0.386,0.291,0.936,0.197,-0.431,-0.057,0.9]},{"Name":"Head","CFrame":[-0.001,-0.001,-0.001,0.642,-0.726,0.247,0.761,0.639,-0.107,-0.081,0.256,0.963]},{"Name":"Torso","CFrame":[-0.563,-5.819,-0.371,-0.56,-0.816,0.15,0.825,-0.534,0.183,-0.07,0.226,0.971]},{"Name":"primary","CFrame":[2.441,-3.1,-5.867,-0.045,-0.598,-0.801,-0.579,0.668,-0.467,0.814,0.442,-0.376]}]},{"Time":0.62,"Poses":[{"Name":"Right Arm","CFrame":[-0.647,-0.488,-0.571,0.579,0.652,-0.488,0.268,0.412,0.87,0.769,-0.636,0.064]},{"Name":"Left Arm","CFrame":[-0.457,-0.021,-0.008,0.013,0.903,0.428,-0.678,-0.308,0.668,0.735,-0.3,0.607]},{"Name":"Right Leg","CFrame":[0.749,0.3,-0.091,0.871,-0.428,0.24,0.373,0.895,0.241,-0.319,-0.121,0.94]},{"Name":"Left Leg","CFrame":[0.325,-0.042,0.122,0.859,-0.339,0.383,0.278,0.938,0.203,-0.43,-0.069,0.9]},{"Name":"Head","CFrame":[-0.001,-0.001,-0.001,0.638,-0.724,0.262,0.764,0.636,-0.104,-0.093,0.266,0.959]},{"Name":"Torso","CFrame":[-0.563,-5.814,-0.363,-0.565,-0.813,0.147,0.822,-0.538,0.187,-0.074,0.226,0.971]},{"Name":"primary","CFrame":[2.306,-3.097,-5.902,-0.309,-0.176,-0.936,-0.564,0.825,0.03,0.766,0.536,-0.354]}]},{"Time":0.64,"Poses":[{"Name":"Right Arm","CFrame":[-0.669,-0.51,-0.63,0.644,0.589,-0.488,0.325,0.365,0.872,0.692,-0.721,0.044]},{"Name":"Left Arm","CFrame":[-0.314,-0.106,0.014,0.11,0.857,0.502,-0.677,-0.306,0.67,0.727,-0.414,0.546]},{"Name":"Right Leg","CFrame":[0.743,0.312,-0.092,0.873,-0.427,0.233,0.368,0.893,0.256,-0.318,-0.138,0.938]},{"Name":"Left Leg","CFrame":[0.347,-0.097,0.121,0.849,-0.351,0.392,0.304,0.935,0.177,-0.43,-0.031,0.902]},{"Name":"Head","CFrame":[-0.001,-0.001,-0.001,0.625,-0.739,0.251,0.769,0.636,-0.049,-0.125,0.224,0.966]},{"Name":"Torso","CFrame":[-0.563,-5.786,-0.369,-0.551,-0.821,0.155,0.832,-0.526,0.176,-0.064,0.226,0.971]},{"Name":"primary","CFrame":[2.205,-3.034,-5.925,-0.7,-0.105,-0.708,-0.595,0.633,0.494,0.396,0.766,-0.506]}]},{"Time":0.66,"Poses":[{"Name":"Right Arm","CFrame":[-0.691,-0.533,-0.69,0.699,0.52,-0.489,0.377,0.31,0.872,0.606,-0.796,0.02]},{"Name":"Left Arm","CFrame":[-0.172,-0.191,0.037,0.202,0.796,0.57,-0.674,-0.31,0.671,0.71,-0.521,0.473]},{"Name":"Right Leg","CFrame":[0.737,0.323,-0.093,0.876,-0.426,0.226,0.363,0.891,0.27,-0.317,-0.156,0.935]},{"Name":"Left Leg","CFrame":[0.369,-0.152,0.12,0.84,-0.364,0.402,0.33,0.931,0.15,-0.43,0.006,0.903]},{"Name":"Head","CFrame":[-0.001,-0.001,-0.001,0.613,-0.753,0.24,0.774,0.632,0.006,-0.158,0.181,0.97]},{"Name":"Torso","CFrame":[-0.563,-5.759,-0.375,-0.537,-0.828,0.163,0.841,-0.514,0.166,-0.054,0.226,0.972]},{"Name":"primary","CFrame":[2.104,-2.97,-5.947,-0.93,-0.23,-0.288,-0.362,0.421,0.831,-0.07,0.877,-0.475]}]},{"Time":0.71,"Poses":[{"Name":"Right Arm","CFrame":[-0.592,-0.528,-0.387,0
