{"Keyframes":[{"Time":0,"Poses":[{"Name":"HumanoidRootPart","CFrame":[0,0,0,1,0,0,0,1,0,0,0,1]},{"Name":"Torso","CFrame":[0.23995214700698853,0.18080450594425202,-0.30103346705436709,0.41294077038764956,0.9063088297843933,0.0899127870798111,-0.9009636044502258,0.42094382643699648,-0.10521779209375382,-0.1332080066204071,-0.03755940496921539,0.9903759956359863]},{"Name":"Head","CFrame":[7.450580596923828e-9,-1.6763806343078614e-8,-8.940696716308594e-8,0.6793559789657593,-0.7166347503662109,0.1578296273946762,0.7298792600631714,0.6821323037147522,-0.04440416768193245,-0.07583914697170258,0.14536279439926148,0.9864674210548401]},{"Name":"Right Arm","CFrame":[-0.5051926970481873,0.0005803406238555908,-0.23600423336029054,-0.12001920491456986,-0.7847027778625488,-0.6081424355506897,0.8163182735443115,0.27061498165130618,-0.5102850198745728,0.5649943947792053,-0.5576818585395813,0.608088493347168]},{"Name":"Left Arm","CFrame":[-0.06498092412948609,-0.15131717920303346,-0.17771202325820924,-0.27771010994911196,0.4994603395462036,-0.820618748664856,-0.589794397354126,0.5856313109397888,0.5560352206230164,0.7582988739013672,0.6384148001670837,0.13194534182548524]}]},{"Time":0.11666666716337204,"Poses":[{"Name":"HumanoidRootPart","CFrame":[0,0,0,1,0,0,0,1,0,0,0,1]},{"Name":"Torso","CFrame":[0.23993083834648133,-0.1744072139263153,-0.3010371923446655,0.8445779085159302,0.4655715823173523,-0.2644451856613159,-0.5250557065010071,0.8169118165969849,-0.23868682980537415,0.10490261018276215,0.34043800830841067,0.9343966245651245]},{"Name":"Head","CFrame":[1.4901161193847657e-8,-2.2584572434425355e-8,-1.1920928955078126e-7,0.8557373285293579,-0.4555022120475769,0.24542096257209779,0.46921053528785708,0.8830813765525818,0.0029515475034713747,-0.2180711179971695,0.11262834072113037,0.9694120287895203]},{"Name":"Right Arm","CFrame":[-0.37987220287323,-0.20819637179374696,-0.3474249839782715,0.3227086663246155,-0.6840906143188477,-0.6541246175765991,0.6136768460273743,-0.3749290704727173,0.6948588490486145,-0.7205968499183655,-0.6256581544876099,0.2988177537918091]},{"Name":"Left Arm","CFrame":[-0.06498193740844727,-0.1513158679008484,-0.17771217226982118,0.6750649213790894,0.4868890941143036,-0.5542789697647095,-0.08297096192836762,0.7966377139091492,0.5987327098846436,0.733076810836792,-0.3581945300102234,0.5781828165054321]}]},{"Time":0.1666666716337204,"Poses":[{"Name":"HumanoidRootPart","CFrame":[0,0,0,1,0,0,0,1,0,0,0,1]},{"Name":"Torso","CFrame":[0.13118407130241395,-0.4694507420063019,-0.30102571845054629,0.9758155941963196,-0.13646697998046876,0.17076531052589417,0.20563682913780213,0.8380504250526428,-0.5053558945655823,-0.07414557784795761,0.5282496809959412,0.8458452820777893]},{"Name":"Head","CFrame":[-7.450580596923828e-9,-9.313225746154785e-9,-2.9802322387695315e-8,0.9614725112915039,0.27002668380737307,0.051538869738578799,-0.27163833379745486,0.9620141983032227,0.0272238627076149,-0.04222998023033142,-0.0401749461889267,0.9982998371124268]},{"Name":"Right Arm","CFrame":[1.2046940326690674,0.26473093032836916,-0.2806012034416199,-0.10361625999212265,-0.7805537581443787,-0.6164330244064331,0.6133620142936707,-0.5380369424819946,0.5781840085983276,-0.7829760909080505,-0.318190336227417,0.534514307975769]},{"Name":"Left Arm","CFrame":[0.6467136144638062,-0.5947457551956177,-0.16588526964187623,0.2207353115081787,0.8941912651062012,0.3894800841808319,-0.642499566078186,-0.16712990403175355,0.7478349208831787,0.7338033318519592,-0.4153172969818115,0.537629246711731]}]},{"Time":0.36666667461395266,"Poses":[{"Name":"HumanoidRootPart","CFrame":[0,0,0,1,0,0,0,1,0,0,0,1]},{"Name":"Torso","CFrame":[0.20719370245933534,-0.45885923504829409,-0.28229084610939028,0.7485389113426209,-0.581372082233429,0.3188982307910919,0.6595316529273987,0.603003978729248,-0.4487808644771576,0.068611741065979,0.5462533831596375,0.8348051905632019]},{"Name":"Head","CFrame":[-1.6763806343078614e-8,0,0,0.8727244734764099,0.4846237301826477,-0.059092648327350619,-0.4789908826351166,0.8733582496643066,0.08839104324579239,0.09444543719291687,-0.048836205154657367,0.9943314790725708]},{"Name":"Right Arm","CFrame":[0.695076048374176,-0.05197224020957947,-0.38320964574813845,-0.16605818271636964,-0.974162220954895,0.15307733416557313,0.5979111194610596,0.023977577686309816,0.801203727722168,-0.7841728925704956,0.22457298636436463,0.5784807205200195]}]},{"Time":0.46666666865348818,"Poses":[{"Name":"HumanoidRootPart","CFrame":[0,0,0,1,0,0,0,1,0,0,0,1]},{"Name":"Torso","CFrame":[0.20722046494483949,-0.42702972888946535,-0.22596800327301026,0.6533536911010742,-0.7457366585731506,0.13040709495544434,0.7403388023376465,0.5933820605278015,-0.31590476632118227,0.15820053219795228,0.3029428720474243,0.9397860169410706]},{"Name":"Head","CFrame":[-5.587935447692871e-9,0,0,0.7077318429946899,0.705600380897522,-0.03526764363050461,-0.7024415731430054,0.7081382870674133,0.07152663916349411,0.07544359564781189,-0.02584824338555336,0.996815025806427]},{"Name":"Right Arm","CFrame":[0.2342395782470703,-0.15988555550575257,0.03217855095863342,-0.34833550453186037,-0.7240316271781921,0.5953488349914551,0.5900397300720215,0.3241511583328247,0.7394448518753052,-0.7283645868301392,0.6088550686836243,0.3142937421798706]},{"Name":"Left Arm","CFrame":[0.7860081195831299,-0.6273605227470398,-0.29147201776504519,0.485598623752594,0.833857536315918,0.26243478059768679,-0.6494051218032837,0.14312946796417237,0.7468476295471191,0.5852036476135254,-0.5330984592437744,0.6110186576843262]}]},{"Time":0.30000001192092898,"Poses":[{"Name":"HumanoidRootPart","CFrame":[0,0,0,1,0,0,0,1,0,0,0,1]},{"Name":"Torso","CFrame":[0.19199129939079286,-0.46946287155151369,-0.3010561466217041,0.8302586674690247,-0.4543970227241516,0.32279080152511599,0.5571631789207459,0.6605096459388733,-0.5032855272293091,0.015484929084777832,0.597704291343689,0.8015670776367188]},{"Name":"Right Arm","CFrame":[0.9198921322822571,0.040146470069885257,-0.47345849871635439,-0.10361695289611817,-0.9838730692863464,-0.1457996666431427,0.613364040851593,-0.17860490083694459,0.7693406939506531,-0.7829740047454834,-0.00971156358718872,0.6219786405563355]}]}]}
