{"Keyframes":[{"Time":0.11,"Poses":[{"Name":"Right Arm","CFrame":[-0.001,0.007,-0.001,0.999,0.005,-0.009,-0.006,0.999,0.007,0.008,-0.008,0.999]},{"Name":"Left Arm","CFrame":[-0.001,0.013,0,0.999,-0.004,0.002,0.003,0.999,0.003,-0.003,-0.004,0.999]},{"Name":"Right Leg","CFrame":[0,0.005,0,1,0,0,0,1,0,0,0,1]},{"Name":"Left Leg","CFrame":[0,0.006,0,1,0,0,0,1,0,0,0,1]},{"Name":"Head","CFrame":[0,0,-0.001,0.999,0.001,-0.001,-0.002,0.999,0.004,0,-0.005,0.999]},{"Name":"Torso","CFrame":[0,0,-0.008,1,0,0,0,1,0,0,0,1]},{"Name":"primary","CFrame":[0,0,0,1,0,0,0,1,0,0,0,1]}]},{"Time":0.2,"Poses":[{"Name":"Right Arm","CFrame":[0.586,-0.262,-0.284,-0.023,-0.947,-0.324,0.671,-0.254,0.695,-0.741,-0.202,0.641]},{"Name":"Left Arm","CFrame":[0.498,-0.089,-0.81,0.736,-0.455,0.5,0.216,0.86,0.462,-0.641,-0.233,0.731]},{"Name":"Right Leg","CFrame":[-0.098,0.094,0.087,-0.17,0.984,0.035,-0.931,-0.173,0.323,0.324,0.021,0.945]},{"Name":"Left Leg","CFrame":[-0.426,1.121,-0.028,0.607,0.794,0.002,-0.788,0.602,-0.13,-0.105,0.076,0.991]},{"Name":"Head","CFrame":[-0.001,0,0,0.995,-0.073,0.06,0.06,0.981,0.179,-0.073,-0.176,0.981]},{"Name":"Torso","CFrame":[0.296,-0.304,-0.328,0.991,0.014,-0.132,-0.091,0.797,-0.597,0.095,0.602,0.792]},{"Name":"primary","CFrame":[0,0,0,1,0,0,0,1,0,0,0,1]}]},{"Time":0.27,"Poses":[{"Name":"Right Arm","CFrame":[0.7,0.034,-0.417,-0.649,-0.68,-0.344,0.511,-0.723,0.465,-0.565,0.125,0.816]},{"Name":"Left Arm","CFrame":[0.405,0.005,-0.743,0.484,-0.635,0.602,0.325,0.769,0.548,-0.812,-0.07,0.579]},{"Name":"Right Leg","CFrame":[0.013,-0.004,0.126,-0.233,0.968,0.09,-0.922,-0.25,0.298,0.311,-0.015,0.95]},{"Name":"Left Leg","CFrame":[-0.381,0.673,-0.061,0.297,0.953,-0.039,-0.955,0.296,-0.031,-0.019,0.045,0.998]},{"Name":"Head","CFrame":[-0.001,0,0,0.989,-0.135,0.052,0.117,0.962,0.245,-0.084,-0.238,0.967]},{"Name":"Torso","CFrame":[0.291,-0.31,-0.432,0.99,0.06,-0.128,-0.124,0.808,-0.576,0.067,0.585,0.807]},{"Name":"primary","CFrame":[0,0,0,1,0,0,0,1,0,0,0,1]}]},{"Time":0.32,"Poses":[{"Name":"Right Arm","CFrame":[0.797,0.027,-0.378,-0.866,-0.386,-0.322,0.246,-0.885,0.395,-0.437,0.263,0.86]},{"Name":"Left Arm","CFrame":[0.245,0.005,-0.577,0.599,-0.499,0.626,0.135,0.834,0.534,-0.789,-0.236,0.567]},{"Name":"Right Leg","CFrame":[0.248,-0.056,0.071,-0.024,0.998,0.038,-0.985,-0.03,0.171,0.172,-0.034,0.984]},{"Name":"Left Leg","CFrame":[-0.396,0.552,-0.056,0.354,0.934,-0.039,-0.934,0.355,0.038,0.049,0.021,0.998]},{"Name":"Head","CFrame":[-0.001,0,0,0.992,-0.12,0.003,0.113,0.95,0.29,-0.038,-0.289,0.956]},{"Name":"Torso","CFrame":[0.213,-0.183,-0.628,0.998,0.024,-0.059,-0.055,0.797,-0.602,0.031,0.602,0.797]},{"Name":"primary","CFrame":[0,0,0,1,0,0,0,1,0,0,0,1]}]},{"Time":0.36,"Poses":[{"Name":"Right Arm","CFrame":[-0.114,-0.389,-0.517,0.386,-0.647,-0.658,0.863,0.003,0.504,-0.324,-0.764,0.559]},{"Name":"Left Arm","CFrame":[-0.115,-0.079,0.021,0.865,0.416,0.276,-0.413,0.283,0.865,0.282,-0.864,0.417]},{"Name":"Right Leg","CFrame":[0.82,0.268,-0.058,0.973,0.105,0.2,-0.133,0.983,0.123,-0.185,-0.148,0.971]},{"Name":"Left Leg","CFrame":[0.178,0.099,0.071,0.96,0.024,0.277,-0.034,0.999,0.027,-0.277,-0.036,0.96]},{"Name":"Head","CFrame":[-0.001,0,0,0.882,-0.463,0.087,0.465,0.884,-0.02,-0.069,0.058,0.995]},{"Name":"Torso","CFrame":[-0.341,-3.393,-0.513,0.393,-0.861,0.323,0.912,0.322,-0.252,0.111,0.394,0.912]},{"Name":"primary","CFrame":[1.199,-2.046,-3.17,0.549,0.222,-0.806,-0.332,0.942,0.034,0.767,0.248,0.591]}]},{"Time":0.41,"Poses":[{"Name":"Right Arm","CFrame":[-0.558,-0.47,-0.663,0.723,0.373,-0.581,0.315,0.569,0.759,0.613,-0.733,0.294]},{"Name":"Left Arm","CFrame":[-0.436,-0.023,0.349,0.744,0.617,0.253,-0.266,-0.075,0.961,0.612,-0.784,0.108]},{"Name":"Right Leg","CFrame":[0.731,0.332,-0.093,0.88,-0.41,0.238,0.349,0.901,0.256,-0.321,-0.143,0.936]},{"Name":"Left Leg","CFrame":[0.346,-0.142,0.13,0.766,-0.489,0.416,0.484,0.866,0.125,-0.423,0.105,0.9]},{"Name":"Head","CFrame":[-0.001,-0.001,-0.001,0.775,-0.607,0.175,0.631,0.735,-0.246,0.02,0.3,0.953]},{"Name":"Torso","CFrame":[-0.623,-5.847,-0.439,-0.475,-0.873,0.113,0.879,-0.467,0.091,-0.028,0.143,0.989]},{"Name":"primary","CFrame":[2.095,-3.537,-5.544,-0.151,0.026,-0.989,-0.457,0.884,0.093,0.876,0.465,-0.122]}]},{"Time":0.47,"Poses":[{"Name":"Right Arm","CFrame":[-0.486,-0.472,-0.545,0.7,0.449,-0.555,0.233,0.589,0.773,0.674,-0.671,0.307]},{"Name":"Left Arm","CFrame":[-0.445,-0.031,0.342,0.676,0.662,0.319,-0.287,-0.163,0.944,0.678,-0.731,0.079]},{"Name":"Right Leg","CFrame":[0.752,0.292,-0.088,0.879,-0.412,0.241,0.353,0.901,0.249,-0.321,-0.135,0.937]},{"Name":"Left Leg","CFrame":[0.353,-0.111,0.123,0.803,-0.44,0.4,0.41,0.897,0.159,-0.43,0.036,0.902]},{"Name":"Head","CFrame":[-0.001,-0.001,-0.001,0.778,-0.605,0.168,0.626,0.737,-0.253,0.028,0.301,0.952]},{"Name":"Torso","CFrame":[-0.623,-5.829,-0.403,-0.511,-0.853,0.113,0.858,-0.497,0.131,-0.056,0.164,0.984]},{"Name":"primary","CFrame":[2,-3.499,-5.632,-0.126,-0.033,-0.992,-0.457,0.889,0.028,0.88,0.456,-0.127]}]},{"Time":0.53,"Poses":[{"Name":"Right Arm","CFrame":[-0.407,-0.473,-0.419,0.675,0.523,-0.52,0.136,0.604,0.784,0.724,-0.601,0.336]},{"Name":"Left Arm","CFrame":[-0.454,-0.04,0.335,0.635,0.702,0.319,-0.277,-0.18,0.944,0.721,-0.689,0.079]},{"Name":"Right Leg","CFrame":[0.752,0.296,-0.089,0.869,-0.42,0.26,0.374,0.903,0.205,-0.322,-0.082,0.943]},{"Name":"Left Leg","CFrame":[0.348,-0.049,0.118,0.817,-0.432,0.38,0.38,0.901,0.204,-0.432,-0.023,0.901]},{"Name":"Head","CFrame":[-0.001,-0.001,-0.001,0.784,-0.603,0.149,0.62,0.759,-0.194,0.003,0.244,0.969]},{"Name":"Torso","CFrame":[-0.623,-5.849,-0.404,-0.522,-0.847,0.106,0.848,-0.503,0.163,-0.085,0.175,0.98]},{"Name":"primary","CFrame":[1.991,-3.485,-5.707,-0.153,-0.147,-0.978,-0.469,0.881,-0.06,0.869,0.449,-0.204]}]},{"Time":0.57,"Poses":[{"Name":"Right Arm","CFrame":[-0.429,-0.465,-0.325,0.698,0.516,-0.496,0.189,0.534,0.823,0.69,-0.669,0.275]},{"Name":"Left Arm","CFrame":[-0.493,-0.039,0.285,0.627,0.692,0.355,-0.313,-0.194,0.929,0.712,-0.695,0.095]},{"Name":"Right Leg","CFrame":[0.742,0.314,-0.091,0.861,-0.441,0.252,0.392,0.892,0.22,-0.323,-0.092,0.942]},{"Name":"Left Leg","CFrame":[0.341,-0.045,0.119,0.839,-0.388,0.38,0.33,0.92,0.207,-0.431,-0.049,0.901]},{"Name":"Head","CFrame":[-0.001,-0.001,-0.001,0.766,-0.623,0.16,0.642,0.746,-0.172,-0.014,0.235,0.971]},{"Name":"Torso","CFrame":[-0.597,-5.857,-0.41,-0.549,-0.827,0.127,0.831,-0.525,0.18,-0.083,0.205,0.975]},{"Name":"primary","CFrame":[1.88,-3.419,-5.896,-0.142,-0.092,-0.986,-0.532,0.847,-0.003,0.835,0.523,-0.169]}]},{"Time":0.64,"Poses":[{"Name":"Right Arm","CFrame":[-0.461,-0.454,-0.191,0.728,0.504,-0.464,0.258,0.424,0.867,0.634,-0.753,0.179]},{"Name":"Left Arm","CFrame":[-0.547,-0.038,0.215,0.564,0.727,0.389,-0.342,-0.224,0.912,0.751,-0.649,0.122]},{"Name":"Right Leg","CFrame":[0.738,0.324,-0.093,0.847,-0.471,0.245,0.419,0.877,0.233,-0.325,-0.095,0.941]},{"Name":"Left Leg","CFrame":[0.331,-0.041,0.12,0.86,-0.338,0.381,0.275,0.938,0.208,-0.429,-0.075,0.9]},{"Name":"Head","CFrame":[-0.001,-0.001,-0.001,0.74,-0.643,0.196,0.67,0.725,-0.155,-0.043,0.246,0.968]},{"Name":"Torso","CFrame":[-0.569,-5.878,-0.403,-0.571,-0.807,0.154,0.818,-0.542,0.193,-0.073,0.236,0.968]},{"Name":"primary","CFrame":[1.722,-3.325,-6.163,-0.138,-0.015,-0.991,-0.616,0.784,0.074,0.776,0.619,-0.117]}]},{"Time":0.7,"Poses":[{"Name":"Right Arm","CFrame":[-0.48,-0.481,-0.254,0.782,0.386,-0.488,0.375,0.331,0.865,0.496,-0.861,0.114]},{"Name":"Left Arm","CFrame":[-0.592,-0.036,0.158,0.524,0.773,0.355,-0.368,-0.171,0.914,0.768,-0.611,0.194]},{"Name":"Right Leg","CFrame":[0.751,0.298,-0.09,0.833,-0.494,0.248,0.446,0.866,0.225,-0.327,-0.078,0.941]},{"Name":"Left Leg","CFrame":[0.325,-0.042,0.122,0.865,-0.323,0.383,0.26,0.943,0.204,-0.428,-0.077,0.9]},{"Name":"Head","CFrame":[-0.001,0,-0.001,0.721,-0.642,0.262,0.688,0.705,-0.17,-0.077,0.302,0.949]},{"Name":"Torso","CFrame":[-0.563,-5.914,-0.371,-0.557,-0.814,0.171,0.829,-0.529,0.18,-0.057,0.242,0.968]},{"Name":"primary","CFrame":[1.571,-3.261,-6.234,-0.343,0.154,-0.927,-0.57,0.75,0.335,0.746,0.643,-0.17]}]},{"Time":0.75,"Poses":[{"Name":"Right Arm","CFrame":[-0.493,-0.51,-0.341,0.809,0.271,-0.522,0.468,0.237,0.85,0.354,-0.933,0.065]},{"Name":"Left Arm","CFrame":[-0.625,-0.019,0.106,0.447,0.802,0.393,-0.467,-0.167,0.868,0.763,-0.573,0.299]},{"Name":"Right Leg","CFrame":[0.74,0.318,-0.092,0.839,-0.487,0.242,0.435,0.868,0.236,-0.326,-0.093,0.94]},{"Name":"Left Leg","CFrame":[0.33,-0.054,0.123,0.857,-0.333,0.391,0.282,0.941,0.182,-0.43,-0.047,0.901]},{"Name":"Head","CFrame":[-0.001,-0.001,-0.001,0.702,-0.661,0.264,0.706,0.693,-0.143,-0.089,0.286,0.953]},{"Name":"Torso","CFrame":[-0.563,-5.892,-0.381,-0.545,-0.821,0.176,0.837,-0.52,0.169,-0.048,0.239,0.969]},{"Name":"primary","CFrame":[1.371,-3.1,-6.208,-0.784,0.267,-0.561,-0.301,0.627,0.718,0.543,0.731,-0.412]}]},{"Time":0.81,"Poses":[{"Name":"Right Arm","CFrame":[-0.496,-0.516,-0.357,0.774,0.216,-0.595,0.503,0.358,0.786,0.383,-0.908,0.168]},{"Name":"Left Arm","CFrame":[-0.672,0.008,0.031,0.305,0.843,0.441,-0.535,-0.232,0.812,0.787,-0.485,0.379]},{"Name":"Right Leg","CFrame":[0.729,0.34,-0.096,0.85,-0.47,0.236,0.414,0.875,0.247,-0.324,-0.113,0.939]},{"Name":"Left Leg","CFrame":[0.338,-0.074,0.123,0.847,-0.352,0.398,0.31,0.935,0.165,-0.432,-0.017,0.902]},{"Name":"Head","CFrame":[-0.001,-0.001,-0.001,0.677,-0.694,0.245,0.73,0.673,-0.116,-0.086,0.257,0.962]},{"Name":"Torso","CFrame":[-0.563,-5.859,-0.394,-0.536,-0.827,0.174,0.843,-0.513,0.161,-0.044,0.233,0.971]},{"Name":"primary","CFrame":[1.458,-3.288,-6.041,-0.565,0.187,0.803,0.725,0.575,0.375,-0.393,0.795,-0.462]}]},{"Time":0.89,"Poses":[{"Name":"Right Arm","CFrame":[-0.561,-0.48,-0.424,0.52,0.636,-0.57,0.223,0.541,0.81,0.824,-0.55,0.139]},{"Name":"Left Arm","CFrame":[-0.708,0.034,-0.051,0.149,0.889,0.431,-0.635,-0.249,0.732,0.758,-0.384,0.526]},{"Name":"Right Leg","CFrame":[0.731,0.337,-0.096,0.863,-0.446,0.237,0.389,0.886,0.247,-0.321,-0.122,0.939]},{"Name":"Left Leg","CFrame":[0.345,-0.092,0.123,0.84,-0.372,0.393,0.326,0.928,0.179,-0.433,-0.023,0.901]},{"Name":"Head","CFrame":[-0.001,-0.001,-0.001,0.653,-0.729,0.204,0.755,0.645,-0.115,-0.049,0.229,0.972]},{"Name":"Torso","CFrame":[-0.563,-5.835,-0.394,-0.546,-0.824,0.159,0.836,-0.521,0.171,-0.059,0.226,0.972]},{"Name":"primary","CFrame":[2.337,-3.267,-5.846,0.896,-0.442,-0.035,0.074,0.227,-0.972,0.437,0.867,0.236]}]},{"Time":0.96,"Poses":[{"Name":"Right Arm","CFrame":[-0.652,-0.493,-0.583,0.593,0.64,-0.488,0.279,0.403,0.87,0.754,-0.654,0.06]},{"Name":"Left Arm","CFrame":[-0.429,-0.038,-0.004,0.033,0.895,0.443,-0.678,-0.307,0.668,0.734,-0.324,0.596]},{"Name":"Right Leg","CFrame":[0.747,0.302,-0.092,0.871,-0.428,0.239,0.372,0.895,0.244,-0.319,-0.124,0.939]},{"Name":"Left Leg","CFrame":[0.329,-0.053,0.122,0.857,-0.341,0.385,0.283,0.938,0.198,-0.43,-0.061,0.9]},{"Name":"Head","CFrame":[-0.001,-0.001,-0.001,0.635,-0.727,0.26,0.765,0.636,-0.093,-0.099,0.258,0.961]},{"Name":"Torso","CFrame":[-0.563,-5.808,-0.364,-0.562,-0.814,0.148,0.824,-0.536,0.185,-0.072,0.226,0.971]},{"Name":"primary","CFrame":[2.286,-3.084,-5.907,-0.391,-0.145,-0.91,-0.593,0.795,0.127,0.705,0.588,-0.397]}]},{"Time":1.03,"Poses":[{"Name":"Right Arm","CFrame":[-0.692,-0.553,-0.544,0.736,0.316,-0.598,0.522,0.293,0.8,0.428,-0.902,0.05]},{"Name":"Left Arm","CFrame":[0.177,-0.351,0.126,0.661,0.446,0.602,-0.64,-0.086,0.764,0.392,-0.891,0.229]},{"Name":"Right Leg","CFrame":[0.543,0.389,-0.079,0.901,-0.392,0.183,0.29,0.862,0.413,-0.321,-0.32,0.891]},{"Name":"Left Leg","CFrame":[0.34,-0.31,0.115,0.791,-0.429,0.435,0.458,0.887,0.039,-0.403,0.168,0.899]},{"Name":"Head","CFrame":[-0.001,-0.001,-0.001,0.696,-0.646,0.314,0.701,0.703,-0.113,-0.149,0.298,0.942]},{"Name":"Torso","CFrame":[-0.563,-5.685,-0.371,-0.606,-0.769,0.205,0.793,-0.602,0.089,0.054,0.216,0.974]},{"Name":"primary","CFrame":[1.663,-3.211,-5.87,-0.275,0.135,0.951,0.672,0.734,0.089,-0.688,0.665,-0.293]}]},{"Time":1.1,"Poses":[{"Name":"Right Arm","CFrame":[-0.399,-0.454,-0.262,0.618,0.329,-0.714,0.627,0.339,0.7,0.473,-0.881,0.003]},{"Name":"Left Arm","CFrame":[0.415,-0.335,-0.025,0.28,-0.789,0.546,-0.441,0.4,0.803,-0.853,-0.467,-0.236]},{"Name":"Right Leg","CFrame":[0.189,0.262,-0.012,0.979,-0.053,0.195,-0.005,0.96,0.278,-0.203,-0.274,0.94]},{"Name":"Left Leg","CFrame":[0.456,-0.327,0.12,0.819,-0.395,0.415,0.401,0.912,0.076,-0.41,0.103,0.906]},{"Name":"Head","CFrame":[-0.001,-0.001,-0.001,0.846,-0.489,0.212,0.52,0.843,-0.133,-0.115,0.222,0.968]},{"Name":"Torso","CFrame":[-0.516,-5.374,-0.286,-0.816,-0.553,0.169,0.568,-0.821,0.062,0.104,0.147,0.983]},{"Name":"primary","CFrame":[0.611,-3.152,-5.392,0.41,0.269,-0.871,-0.912,0.122,-0.393,0,0.955,0.296]}]},{"Time":1.16,"Poses":[{"Name":"Right Arm","CFrame":[-0.488,-0.434,-0.168,0.76,-0.027,-0.649,0.645,-0.081,0.759,-0.073,-0.997,-0.044]},{"Name":"Left Arm","CFrame":[0.465,-0.294,-0.434,0.247,-0.808,0.535,0.003,0.553,0.832,-0.969,-0.205,0.14]},{"Name":"Right Leg","CFrame":[0.361,0.046,-0.002,0.981,0.066,0.177,-0.109,0.964,0.239,-0.156,-0.255,0.954]},{"Name":"Left Leg","CFrame":[0.202,0.094,0.14,0.864,-0.249,0.436,0.273,0.961,0.007,-0.423,0.113,0.899]},{"Name":"Head","CFrame":[-0.001,-0.001,-0.001,0.858,-0.49,0.152,0.507,0.852,-0.126,-0.069,0.185,0.98]},{"Name":"Torso","CFrame":[-0.462,-5.095,-0.219,-0.787,-0.601,0.141,0.616,-0.775,0.142,0.023,0.199,0.979]},{"Name":"primary","CFrame":[0.061,-2.126,-5.32,-0.83,0.385,-0.404,-0.373,0.155,0.914,0.415,0.909,0.014]}]},{"Time":1.22,"Poses":[{"Name":"Right Arm","CFrame":[-0.849,-0.75,-0.464,0.825,0.123,-0.551,0.558,-0.048,0.827,0.076,-0.992,-0.108]},{"Name":"Left Arm","CFrame":[0.311,-0.334,-0.314,0.474,-0.725,0.499,0.066,0.595,0.8,-0.878,-0.348,0.33]},{"Name":"Right Leg","CFrame":[0.33,0.051,0.072,0.987,0.013,0.157,-0.046,0.978,0.199,-0.152,-0.205,0.967]},{"Name":"Left Leg","CFrame":[-0.035,0.422,0.305,0.913,0.019,0.406,0.001,0.998,-0.052,-0.407,0.047,0.912]},{"Name":"Head","CFrame":[-0.001,-0.001,-0.001,0.766,-0.607,0.213,0.623,0.781,-0.02,-0.156,0.147,0.976]},{"Name":"Torso","CFrame":[-0.462,-4.856,-0.273,-0.719,-0.679,0.149,0.693,-0.688,0.214,-0.043,0.258,0.965]},{"Name":"primary","CFrame":[0.916,-2.259,-5.293,-0.772,0.521,-0.366,-0.345,0.14,0.928,0.535,0.841,0.071]}]},{"Time":1.27,"Poses":[{"Name":"Right Arm","CFrame":[-0.946,-0.81,-0.443,0.696,-0.106,-0.71,0.717,0.118,0.686,0.011,-0.988,0.158]},{"Name":"Left Arm","CFrame":[0.144,-0.433,-0.231,0.763,-0.501,0.408,-0.056,0.58,0.812,-0.644,-0.643,0.415]},{"Name":"Right Leg","CFrame":[0.483,0.126,0.1,0.987,0.075,0.14,-0.108,0.965,0.236,-0.118,-0.249,0.961]},{"Name":"Left Leg","CFrame":[-0.062,0.367,0.331,0.82,0.446,0.356,-0.448,0.89,-0.087,-0.356,-0.089,0.93]},{"Name":"Head","CFrame":[-0.001,-0.001,-0.001,0.736,-0.646,0.201,0.652,0.756,0.037,-0.177,0.103,0.978]},{"Name":"Torso","CFrame":[-0.462,-4.648,-0.426,-0.72,-0.654,0.234,0.693,-0.664,0.279,-0.027,0.363,0.931]},{"Name":"primary","CFrame":[0.788,-2.55,-4.929,-0.535,0.53,-0.659,-0.741,0.082,0.667,0.408,0.843,0.348]}]},{"Time":1.33,"Poses":[{"Name":"Right Arm","CFrame":[-0.925,-0.768,-0.55,0.173,-0.654,-0.737,0.906,-0.185,0.378,-0.384,-0.734,0.56]},{"Name":"Left Arm","CFrame":[-0.065,-0.143,-0.189,0.641,0.431,0.634,-0.654,-0.128,0.746,0.402,-0.894,0.199]},{"Name":"Right Leg","CFrame":[0.182,-0.227,0.076,0.977,0.2,0.06,-0.202,0.979,0.013,-0.057,-0.026,0.998]},{"Name":"Left Leg","CFrame":[-0.297,0.895,0.142,0.917,0.23,0.324,-0.28,0.953,0.111,-0.285,-0.193,0.939]},{"Name":"Head","CFrame":[-0.001,-0.001,-0.001,0.861,-0.503,-0.071,0.507,0.849,0.144,-0.013,-0.161,0.987]},{"Name":"Torso","CFrame":[-0.413,-3.855,-0.705,-0.883,-0.468,0.057,0.42,-0.728,0.541,-0.212,0.502,0.838]},{"Name":"primary","CFrame":[0.196,-1.66,-3.348,-0.685,0.702,-0.195,-0.647,-0.462,0.607,0.337,0.541,0.77]}]},{"Time":1.38,"Poses":[{"Name":"Right Arm","CFrame":[0.749,0.677,0.173,-0.355,-0.595,-0.722,0.74,-0.651,0.171,-0.572,-0.474,0.67]},{"Name":"Left Arm","CFrame":[-1,0.773,-2.065,-0.871,0.311,0.38,0.182,-0.514,0.838,0.456,0.799,0.389]},{"Name":"Right Leg","CFrame":[-0.088,-0.625,-0.402,0.97,-0.047,-0.235,-0.107,0.795,-0.597,0.214,0.603,0.767]},{"Name":"Left Leg","CFrame":[-0.736,1.587,-0.152,0.121,0.913,-0.389,-0.774,0.332,0.54,0.622,0.234,0.746]},{"Name":"Head","CFrame":[0,-0.001,-0.001,0.729,0.666,-0.156,-0.567,0.715,0.409,0.383,-0.211,0.899]},{"Name":"Torso","CFrame":[-0.268,-1.47,-1.116,-0.76,0.367,-0.537,-0.646,-0.527,0.553,-0.079,0.766,0.637]},{"Name":"primary","CFrame":[1.31,1.403,2.533,-0.984,-0.107,0.146,0.171,-0.814,0.555,0.06,0.571,0.818]}]},{"Time":1.45,"Poses":[{"Name":"Right Arm","CFrame":[0.49,0.646,0.273,-0.199,-0.361,-0.912,0.81,-0.584,0.054,-0.552,-0.728,0.408]},{"Name":"Left Arm","CFrame":[-0.758,0.648,-2.338,-0.962,0.125,0.243,0.16,-0.463,0.872,0.222,0.877,0.424]},{"Name":"Right Leg","CFrame":[-0.015,-0.5,-0.291,0.969,-0.074,-0.235,-0.116,0.705,-0.7,0.216,0.704,0.675]},{"Name":"Left Leg","CFrame":[-0.686,1.651,-0.183,-0.005,0.908,-0.418,-0.807,0.243,0.539,0.591,0.339,0.731]},{"Name":"Head","CFrame":[0,-0.001,-0.001,0.754,0.655,-0.032,-0.493,0.597,0.632,0.433,-0.463,0.773]},{"Name":"Torso","CFrame":[-0.268,0.266,-1.275,-0.617,0.463,-0.637,-0.788,-0.378,0.486,-0.016,0.801,0.597]},{"Name":"primary","CFrame":[1.458,2.047,3.959,-0.998,-0.073,-0.011,0.051,-0.793,0.607,-0.052,0.605,0.794]}]},{"Time":1.51,"Poses":[{"Name":"Right Arm","CFrame":[0.477,0.609,0.188,-0.196,-0.352,-0.916,0.724,-0.682,0.106,-0.662,-0.643,0.387]},{"Name":"Left Arm","CFrame":[-0.586,0.535,-2.046,-0.998,0.047,0.056,0.031,-0.422,0.906,0.067,0.905,0.418]},{"Name":"Right Leg","CFrame":[-0.159,-0.351,-0.224,0.961,-0.103,-0.257,-0.088,0.767,-0.636,0.262,0.633,0.728]},{"Name":"Left Leg","CFrame":[-0.573,1.757,-0.21,0.017,0.92,-0.391,-0.798,0.248,0.55,0.603,0.302,0.737]},{"Name":"Head","CFrame":[0,-0.001,-0.001,0.749,0.657,-0.084,-0.489,0.633,0.6,0.447,-0.409,0.795]},{"Name":"Torso","CFrame":[-0.268,0.737,-1.379,-0.664,0.448,-0.6,-0.749,-0.384,0.541,0.013,0.807,0.589]},{"Name":"primary","CFrame":[1.425,2.049,4.257,-0.998,-0.063,-0.014,0.044,-0.827,0.561,-0.047,0.559,0.827]}]},{"Time":1.58,"Poses":[{"Name":"Right Arm","CFrame":[0.564,0.611,0.185,-0.232,-0.469,-0.853,0.669,-0.713,0.209,-0.706,-0.523,0.478]},{"Name":"Left Arm","CFrame":[-0.673,0.617,-2.002,-0.96,0.279,0.015,-0.128,-0.485,0.865,0.249,0.828,0.5]},{"Name":"Right Leg","CFrame":[-0.204,-0.183,-0.106,0.928,-0.226,-0.297,0.025,0.832,-0.553,0.371,0.505,0.778]},{"Name":"Left Leg","CFrame":[-0.68,1.707,-0.246,0.044,0.932,-0.358,-0.786,0.253,0.564,0.616,0.256,0.744]},{"Name":"Head","CFrame":[0,-0.001,-0.001,0.741,0.655,-0.147,-0.486,0.673,0.557,0.464,-0.342,0.817]},{"Name":"Torso","CFrame":[-0.268,1.342,-1.226,-0.754,0.401,-0.521,-0.658,-0.429,0.62,0.025,0.809,0.586]},{"Name":"primary","CFrame":[1.359,2.366,4.799,-0.999,-0.054,0.004,0.048,-0.865,0.5,-0.024,0.499,0.865]}]},{"Time":1.63,"Poses":[{"Name":"Right Arm","CFrame":[0.636,0.613,0.182,-0.249,-0.537,-0.807,0.651,-0.709,0.271,-0.718,-0.458,0.525]},{"Name":"Left Arm","CFrame":[-0.745,0.685,-1.967,-0.923,0.385,-0.016,-0.22,-0.49,0.843,0.317,0.782,0.536]},{"Name":"Right Leg","CFrame":[-0.164,-0.127,-0.036,0.917,-0.226,-0.327,0.028,0.858,-0.513,0.395,0.461,0.794]},{"Name":"Left Leg","CFrame":[-0.712,1.689,-0.266,0.12,0.937,-0.327,-0.763,0.297,0.574,0.636,0.179,0.75]},{"Name":"Head","CFrame":[0,-0.001,-0.001,0.746,0.644,-0.164,-0.483,0.694,0.533,0.457,-0.32,0.829]},{"Name":"Torso","CFrame":[-0.268,1.707,-1.145,-0.803,0.356,-0.478,-0.597,-0.479,0.644,0,0.802,0.596]},{"Name":"primary","CFrame":[1.292,2.593,5.148,-1,-0.039,0.011,0.039,-0.868,0.495,-0.009,0.495,0.868]}]},{"Time":1.73,"Poses":[{"Name":"Right Arm","CFrame":[0.744,0.619,0.179,-0.234,-0.612,-0.756,0.67,-0.665,0.33,-0.705,-0.43,0.565]},{"Name":"Left Arm","CFrame":[-0.856,0.788,-1.917,-0.903,0.421,-0.093,-0.297,-0.451,0.842,0.313,0.787,0.531]},{"Name":"Right Leg","CFrame":[0.01,-0.169,0.03,0.932,-0.078,-0.354,-0.116,0.862,-0.493,0.343,0.499,0.795]},{"Name":"Left Leg","CFrame":[-0.678,1.698,-0.284,0.316,0.907,-0.276,-0.684,0.419,0.597,0.657,-0.001,0.753]}
